#! FIELDS cv.ds-2.070595 file.free der_cv.ds-2.070595
#! SET min_cv.ds-2.070595 1.5
#! SET max_cv.ds-2.070595 2.7
#! SET nbins_cv.ds-2.070595  201
#! SET periodic_cv.ds-2.070595 false
1.500000000 119.092 0
1.506000000 119.092 0
1.512000000 119.092 0
1.518000000 119.092 0
1.524000000 119.092 0
1.530000000 119.092 0
1.536000000 119.092 0
1.542000000 119.092 0
1.548000000 119.092 0
1.554000000 119.092 0
1.560000000 119.092 0
1.566000000 119.092 0
1.572000000 119.092 0
1.578000000 119.092 0
1.584000000 119.092 0
1.590000000 119.092 0
1.596000000 119.092 0
1.602000000 119.092 0
1.608000000 119.092 0
1.614000000 119.092 0
1.620000000 119.092 0
1.626000000 119.092 0
1.632000000 119.092 0
1.638000000 119.092 0
1.644000000 119.092 0
1.650000000 119.092 0
1.656000000 119.092 0
1.662000000 119.092 0
1.668000000 119.092 0
1.674000000 119.092 0
1.680000000 119.092 0
1.686000000 119.092 0
1.692000000 119.092 0
1.698000000 119.092 0
1.704000000 119.092 0
1.710000000 119.092 0
1.716000000 119.092 0
1.722000000 119.092 0
1.728000000 119.092 0
1.734000000 119.092 0
1.740000000 119.092 0
1.746000000 119.092 0
1.752000000 119.092 0
1.758000000 119.092 0
1.764000000 119.092 0
1.770000000 119.092 0
1.776000000 119.092 0
1.782000000 119.092 0
1.788000000 119.092 0
1.794000000 119.092 0
1.800000000 119.092 0
1.806000000 119.092 0
1.812000000 119.092 0
1.818000000 119.092 0
1.824000000 119.09 -0.356713
1.830000000 119.086 -0.985807
1.836000000 119.076 -2.68961
1.842000000 119.05 -6.23395
1.848000000 118.994 -13.1302
1.854000000 118.88 -25.4938
1.860000000 118.674 -44.4921
1.866000000 118.327 -71.358
1.872000000 117.801 -104.043
1.878000000 117.072 -138.699
1.884000000 116.141 -170.385
1.890000000 115.039 -195.72
1.896000000 113.799 -216.161
1.902000000 112.436 -237.694
1.908000000 110.922 -267.896
1.914000000 109.191 -310.545
1.920000000 107.169 -362.772
1.926000000 104.836 -412.605
1.932000000 102.24 -448.088
1.938000000 99.4927 -463.586
1.944000000 96.6967 -465.771
1.950000000 93.8969 -468.032
1.956000000 91.0427 -483.698
1.962000000 88.0585 -511.824
1.968000000 84.894 -540.95
1.974000000 81.5942 -554.901
1.980000000 78.2914 -539.442
1.986000000 75.1732 -495.565
1.992000000 72.3818 -431.136
1.998000000 69.995 -363.335
2.004000000 67.9938 -306.776
2.010000000 66.2576 -274.483
2.016000000 64.6359 -272.963
2.022000000 62.94 -297.374
2.028000000 61.0311 -340.003
2.034000000 58.8502 -384.565
2.040000000 56.4358 -415.377
2.046000000 53.9139 -420.656
2.052000000 51.4428 -400.43
2.058000000 49.1418 -366.312
2.064000000 47.0347 -337.301
2.070000000 45.0526 -330.992
2.076000000 43.0289 -348.283
2.082000000 40.84 -382.43
2.088000000 38.4472 -414.114
2.094000000 35.9013 -431.379
2.100000000 33.3156 -428.285
2.106000000 30.7969 -411.164
2.112000000 28.4087 -385.923
2.118000000 26.1775 -358.066
2.124000000 24.1135 -331.619
2.130000000 22.2057 -307.159
2.136000000 20.4332 -287.248
2.142000000 18.7622 -271.995
2.148000000 17.1667 -262.628
2.154000000 15.6183 -253.759
2.160000000 14.1254 -247.566
2.166000000 12.665 -240.859
2.172000000 11.2483 -235.087
2.178000000 9.86299 -229.341
2.184000000 8.52154 -218.904
2.190000000 7.26267 -202.974
2.196000000 6.11291 -180.784
2.202000000 5.11979 -154.107
2.208000000 4.28455 -129.633
2.214000000 3.57339 -112.465
2.220000000 2.93259 -104.915
2.226000000 2.30935 -106.126
2.232000000 1.68096 -108.926
2.238000000 1.05197 -101.265
2.244000000 0.514589 -80.1717
2.250000000 0.145161 -44.7575
2.256000000 0 -9.4179
2.262000000 0.0448812 16.622
2.268000000 0.192936 27.3907
2.274000000 0.375774 25.7557
2.280000000 0.544325 27.0024
2.286000000 0.745818 37.8129
2.292000000 1.05114 60.9503
2.298000000 1.51754 87.1963
2.304000000 2.12856 110.217
2.310000000 2.84673 124.394
2.316000000 3.63943 134.39
2.322000000 4.50299 149.509
2.328000000 5.47688 170.246
2.334000000 6.58559 193.666
2.340000000 7.81027 208.932
2.346000000 9.0977 212.317
2.352000000 10.3867 213.996
2.358000000 11.7061 223.266
2.364000000 13.1495 253.795
2.370000000 14.8492 307.371
2.376000000 16.9 373.258
2.382000000 19.3344 430.634
2.388000000 22.057 466.529
2.394000000 24.9241 477.464
2.400000000 27.8006 476.047
2.406000000 30.6815 477.405
2.412000000 33.6198 498.716
2.418000000 36.7464 539.788
2.424000000 40.1471 588.357
2.430000000 43.8168 627.224
2.436000000 47.6722 646.6
2.442000000 51.5977 654.69
2.448000000 55.577 666.774
2.454000000 59.6827 702.558
2.460000000 64.093 765.683
2.466000000 68.951 849.162
2.472000000 74.3145 932.073
2.478000000 80.1129 987.91
2.484000000 86.1149 1002.05
2.490000000 92.0604 964.089
2.496000000 97.6474 883.571
2.502000000 102.646 775.352
2.508000000 106.94 650.836
2.514000000 110.473 522.842
2.520000000 113.248 401.675
2.526000000 115.337 291.216
2.532000000 116.809 199.871
2.538000000 117.792 127.892
2.544000000 118.403 75.5895
2.550000000 118.758 40.4072
2.556000000 118.938 20.5988
2.562000000 119.029 9.20756
2.568000000 119.068 3.77886
2.574000000 119.084 1.36254
2.580000000 119.092 0
2.586000000 119.092 0
2.592000000 119.092 0
2.598000000 119.092 0
2.604000000 119.092 0
2.610000000 119.092 0
2.616000000 119.092 0
2.622000000 119.092 0
2.628000000 119.092 0
2.634000000 119.092 0
2.640000000 119.092 0
2.646000000 119.092 0
2.652000000 119.092 0
2.658000000 119.092 0
2.664000000 119.092 0
2.670000000 119.092 0
2.676000000 119.092 0
2.682000000 119.092 0
2.688000000 119.092 0
2.694000000 119.092 0
2.700000000 119.092 0
