#! FIELDS p.x file.free der_p.x
#! SET min_p.x -3
#! SET max_p.x 3
#! SET nbins_p.x  301
#! SET periodic_p.x false
-3.000000000 20.3706 -10.9636
-2.980000000 20.1426 -11.816
-2.960000000 19.8962 -12.7062
-2.940000000 19.6327 -13.6139
-2.920000000 19.3499 -14.5501
-2.900000000 19.0491 -15.4944
-2.880000000 18.7291 -16.452
-2.860000000 18.3898 -17.4166
-2.840000000 18.0306 -18.3869
-2.820000000 17.6525 -19.3467
-2.800000000 17.2557 -20.2902
-2.780000000 16.8396 -21.2199
-2.760000000 16.4051 -22.1246
-2.740000000 15.9524 -22.9999
-2.720000000 15.4832 -23.8297
-2.700000000 14.9983 -24.6073
-2.680000000 14.4985 -25.3277
-2.660000000 13.9842 -25.9922
-2.640000000 13.458 -26.5811
-2.620000000 12.9193 -27.1094
-2.600000000 12.3721 -27.545
-2.580000000 11.8169 -27.8949
-2.560000000 11.256 -28.1504
-2.540000000 10.6908 -28.3108
-2.520000000 10.123 -28.3761
-2.500000000 9.55529 -28.3369
-2.480000000 8.98836 -28.2051
-2.460000000 8.42572 -27.9652
-2.440000000 7.8684 -27.6283
-2.420000000 7.31979 -27.1815
-2.400000000 6.78027 -26.644
-2.380000000 6.25341 -26.0023
-2.360000000 5.74032 -25.2684
-2.340000000 5.24278 -24.4474
-2.320000000 4.76244 -23.5454
-2.300000000 4.30097 -22.5679
-2.280000000 3.85945 -21.5253
-2.260000000 3.43926 -20.4244
-2.240000000 3.04149 -19.2736
-2.220000000 2.66769 -18.075
-2.200000000 2.31813 -16.8428
-2.180000000 1.99364 -15.5835
-2.160000000 1.69421 -14.3103
-2.140000000 1.4196 -13.037
-2.120000000 1.1716 -11.7544
-2.100000000 0.94904 -10.4816
-2.080000000 0.75084 -9.23503
-2.060000000 0.578063 -8.00652
-2.040000000 0.429846 -6.80602
-2.020000000 0.304708 -5.64763
-2.000000000 0.202868 -4.52629
-1.980000000 0.122824 -3.45271
-1.960000000 0.0636631 -2.42989
-1.940000000 0.0234867 -1.46948
-1.920000000 0.00297875 -0.55523
-1.900000000 0 0.301092
-1.880000000 0.0138388 1.1034
-1.860000000 0.0431505 1.84982
-1.840000000 0.0862387 2.53539
-1.820000000 0.142914 3.17109
-1.800000000 0.212315 3.76091
-1.780000000 0.293033 4.30321
-1.760000000 0.383376 4.79335
-1.740000000 0.483544 5.24564
-1.720000000 0.592691 5.66314
-1.700000000 0.709844 6.04691
-1.680000000 0.833498 6.39187
-1.660000000 0.964249 6.71379
-1.640000000 1.10158 7.01601
-1.620000000 1.24407 7.29161
-1.600000000 1.39258 7.55635
-1.580000000 1.54616 7.80645
-1.560000000 1.70459 8.04468
-1.540000000 1.86733 8.26969
-1.520000000 2.03486 8.48996
-1.500000000 2.20567 8.69276
-1.480000000 2.3816 8.8994
-1.460000000 2.56161 9.10072
-1.440000000 2.74515 9.2924
-1.420000000 2.93291 9.48255
-1.400000000 3.12441 9.66707
-1.380000000 3.31874 9.83435
-1.360000000 3.51724 10.0031
-1.340000000 3.71764 10.1481
-1.320000000 3.9223 10.2912
-1.300000000 4.12966 10.4156
-1.280000000 4.33989 10.5376
-1.260000000 4.551 10.6427
-1.240000000 4.76499 10.7386
-1.220000000 4.9808 10.8167
-1.200000000 5.19744 10.8787
-1.180000000 5.41671 10.9208
-1.160000000 5.63629 10.9522
-1.140000000 5.85691 10.9627
-1.120000000 6.07597 10.9583
-1.100000000 6.29573 10.9442
-1.080000000 6.51461 10.9097
-1.060000000 6.73363 10.8601
-1.040000000 6.95105 10.7953
-1.020000000 7.16642 10.7147
-1.000000000 7.38008 10.6237
-0.980000000 7.59275 10.519
-0.960000000 7.80231 10.4083
-0.940000000 8.01034 10.2901
-0.920000000 8.21572 10.1657
-0.900000000 8.41991 10.0196
-0.880000000 8.61946 9.87483
-0.860000000 8.81701 9.72471
-0.840000000 9.01142 9.57087
-0.820000000 9.20394 9.40013
-0.800000000 9.39089 9.2377
-0.780000000 9.57465 9.07992
-0.760000000 9.75562 8.91266
-0.740000000 9.93141 8.73426
-0.720000000 10.1054 8.5467
-0.700000000 10.2758 8.36214
-0.680000000 10.4416 8.16628
-0.660000000 10.6037 7.97874
-0.640000000 10.7621 7.7841
-0.620000000 10.9163 7.58843
-0.600000000 11.0666 7.38862
-0.580000000 11.2129 7.16422
-0.560000000 11.3549 6.94411
-0.540000000 11.492 6.72815
-0.520000000 11.6252 6.51196
-0.500000000 11.7538 6.29608
-0.480000000 11.8779 6.08172
-0.460000000 11.9989 5.85522
-0.440000000 12.1144 5.64194
-0.420000000 12.2258 5.41602
-0.400000000 12.3325 5.21117
-0.380000000 12.4353 5.00921
-0.360000000 12.5344 4.81227
-0.340000000 12.63 4.61994
-0.320000000 12.7215 4.44223
-0.300000000 12.8092 4.28037
-0.280000000 12.8944 4.12337
-0.260000000 12.9767 3.98173
-0.240000000 13.0565 3.85264
-0.220000000 13.1335 3.74434
-0.200000000 13.208 3.65755
-0.180000000 13.2809 3.58844
-0.160000000 13.3532 3.52875
-0.140000000 13.4238 3.49429
-0.120000000 13.4952 3.46282
-0.100000000 13.5651 3.46187
-0.080000000 13.6352 3.47619
-0.060000000 13.7055 3.50948
-0.040000000 13.7767 3.55681
-0.020000000 13.8493 3.61455
0.000000000 13.9228 3.69038
0.020000000 13.9991 3.76811
0.040000000 14.0762 3.86659
0.060000000 14.1561 3.96941
0.080000000 14.2372 4.09326
0.100000000 14.3216 4.2159
0.120000000 14.4076 4.35695
0.140000000 14.4965 4.50382
0.160000000 14.5883 4.65482
0.180000000 14.6833 4.80911
0.200000000 14.7814 4.96771
0.220000000 14.8829 5.12615
0.240000000 14.9877 5.28527
0.260000000 15.0959 5.44482
0.280000000 15.2068 5.61213
0.300000000 15.3211 5.77864
0.320000000 15.4385 5.94641
0.340000000 15.5596 6.11034
0.360000000 15.6847 6.26618
0.380000000 15.8118 6.43304
0.400000000 15.9424 6.59542
0.420000000 16.0773 6.74422
0.440000000 16.2143 6.8996
0.460000000 16.354 7.05411
0.480000000 16.4973 7.19878
0.500000000 16.6429 7.34255
0.520000000 16.7915 7.47807
0.540000000 16.9428 7.60521
0.560000000 17.0976 7.71419
0.580000000 17.2534 7.82572
0.600000000 17.4116 7.92445
0.620000000 17.5714 8.01451
0.640000000 17.7328 8.09175
0.660000000 17.8963 8.14811
0.680000000 18.0603 8.19615
0.700000000 18.2247 8.23349
0.720000000 18.3896 8.25358
0.740000000 18.5554 8.24884
0.760000000 18.7206 8.23041
0.780000000 18.8849 8.19733
0.800000000 19.0483 8.1451
0.820000000 19.2115 8.06395
0.840000000 19.3724 7.97086
0.860000000 19.5307 7.86375
0.880000000 19.6875 7.73049
0.900000000 19.8407 7.58794
0.920000000 19.991 7.42707
0.940000000 20.1379 7.2498
0.960000000 20.2815 7.05329
0.980000000 20.4207 6.84759
1.000000000 20.5567 6.61819
1.020000000 20.6868 6.39144
1.040000000 20.8122 6.15446
1.060000000 20.9333 5.90446
1.080000000 21.0489 5.65273
1.100000000 21.1594 5.39563
1.120000000 21.2656 5.12581
1.140000000 21.3655 4.86453
1.160000000 21.4616 4.58807
1.180000000 21.551 4.32642
1.200000000 21.6357 4.06356
1.220000000 21.7144 3.8118
1.240000000 21.7891 3.55524
1.260000000 21.858 3.31294
1.280000000 21.9222 3.07687
1.300000000 21.9821 2.84461
1.320000000 22.0368 2.62846
1.340000000 22.0873 2.42099
1.360000000 22.1337 2.2228
1.380000000 22.177 2.02632
1.400000000 22.2158 1.84933
1.420000000 22.2515 1.67778
1.440000000 22.2835 1.52183
1.460000000 22.3128 1.37273
1.480000000 22.3396 1.23023
1.500000000 22.3637 1.09832
1.520000000 22.3847 0.9819
1.540000000 22.4039 0.871275
1.560000000 22.4204 0.776533
1.580000000 22.4351 0.689807
1.600000000 22.4481 0.610749
1.620000000 22.46 0.533931
1.640000000 22.4701 0.469914
1.660000000 22.4789 0.412209
1.680000000 22.4866 0.360401
1.700000000 22.4938 0.308973
1.720000000 22.4996 0.26859
1.740000000 22.5046 0.232715
1.760000000 22.51 0.189831
1.780000000 22.514 0.15912
1.800000000 22.517 0.136971
1.820000000 22.5202 0.110441
1.840000000 22.5222 0.0946261
1.860000000 22.524 0.0807968
1.880000000 22.5255 0.0687519
1.900000000 22.5267 0.0583024
1.920000000 22.5287 0.0402495
1.940000000 22.5299 0.0291611
1.960000000 22.5308 0.0207846
1.980000000 22.5312 0.0175634
2.000000000 22.5315 0.0147887
2.020000000 22.5318 0.012408
2.040000000 22.532 0.0103738
2.060000000 22.5322 0.00864235
2.080000000 22.5331 0
2.100000000 22.5331 0
2.120000000 22.5331 0
2.140000000 22.5331 0
2.160000000 22.5331 0
2.180000000 22.5331 0
2.200000000 22.5331 0
2.220000000 22.5331 0
2.240000000 22.5331 0
2.260000000 22.5331 0
2.280000000 22.5331 0
2.300000000 22.5331 0
2.320000000 22.5331 0
2.340000000 22.5331 0
2.360000000 22.5331 0
2.380000000 22.5331 0
2.400000000 22.5331 0
2.420000000 22.5331 0
2.440000000 22.5331 0
2.460000000 22.5331 0
2.480000000 22.5331 0
2.500000000 22.5331 0
2.520000000 22.5331 0
2.540000000 22.5331 0
2.560000000 22.5331 0
2.580000000 22.5331 0
2.600000000 22.5331 0
2.620000000 22.5331 0
2.640000000 22.5331 0
2.660000000 22.5331 0
2.680000000 22.5331 0
2.700000000 22.5331 0
2.720000000 22.5331 0
2.740000000 22.5331 0
2.760000000 22.5331 0
2.780000000 22.5331 0
2.800000000 22.5331 0
2.820000000 22.5331 0
2.840000000 22.5331 0
2.860000000 22.5331 0
2.880000000 22.5331 0
2.900000000 22.5331 0
2.920000000 22.5331 0
2.940000000 22.5331 0
2.960000000 22.5331 0
2.980000000 22.5331 0
3.000000000 22.5331 0
