#time   deltaF       REWdeltaF
0       0            nan
1000    5.952504416  nan
2000    3.781151110  nan
3000    0.000000000  nan
4000    0.000000000  nan
5000    4.524968990  nan
6000    7.310976981  nan
7000    9.467517672  nan
8000    5.498523733  nan
9000    4.776925927  nan
10000   6.512244034  nan
11000   7.956554447  nan
12000   5.495680738  nan
13000   3.618129176  nan
14000   2.153633987  nan
15000   0.944968380  nan
16000   0.119828662  nan
17000   0.103273193  nan
18000   1.550022523  nan
19000   2.690622928  nan
20000   3.713423406  nan
21000   4.565744336  inf
22000   5.338446396  inf
23000   6.103172759  inf
24000   5.079607400  6.324166404
25000   4.048616836  5.156143367
26000   3.190640302  4.329806011
27000   2.451910599  3.375281043
28000   2.604337397  3.290577908
29000   3.308057951  3.544423181
30000   3.946449817  3.745545586
31000   4.513396305  3.905543257
32000   5.074884555  4.046482758
33000   4.540067637  4.023185048
34000   3.909501291  3.900252552
35000   3.244559035  3.689894214
36000   3.599007643  3.742961504
37000   4.129997201  3.834138425
38000   4.645500162  3.938129201
39000   5.096010584  4.027259220
40000   5.001891113  4.059836192
41000   4.545157561  4.015062456
42000   3.913591747  3.907968715
43000   3.475879006  3.767377933
44000   3.197497270  3.697633231
45000   3.663766012  3.777203845
46000   3.470537361  3.768215639
47000   2.990829130  3.654423679
48000   2.508915092  3.434673632
49000   2.132651197  3.296004104
50000   2.487481967  3.364378542
51000   2.750349149  3.395898192
52000   2.409066574  3.319180536
53000   2.027993576  3.149029056
54000   2.114294164  3.074282336
55000   2.522228604  3.129878144
56000   2.550802820  3.110524610
57000   2.217194140  3.029477536
58000   1.849174188  2.856022738
59000   2.216123942  2.918269578
60000   2.572485984  2.970213120
61000   2.899925922  3.019669654
62000   3.239626415  3.085297972
63000   3.507270694  3.115575884
64000   3.813925312  3.169987173
65000   4.135734216  3.219572729
66000   4.412151172  3.265963035
67000   4.658646617  3.298592447
68000   4.873816917  3.316202054
69000   5.125306218  3.353720649
70000   5.396122333  3.395594775
71000   5.355183334  3.406011233
72000   5.017776120  3.397607601
73000   4.728690164  3.390161710
74000   4.446627631  3.379052242
75000   4.568707851  3.398781098
76000   4.780921894  3.421629514
77000   5.010562987  3.448283103
78000   4.769713824  3.440334358
79000   4.413423662  3.423494812
80000   4.151915458  3.411750324
81000   3.898113021  3.390093077
82000   3.996279922  3.404194528
83000   3.742393221  3.389499300
84000   3.547037750  3.371192880
85000   3.301696494  3.344085659
86000   3.043388168  3.291663633
87000   2.830949668  3.267183845
88000   2.612821490  3.225348926
89000   2.359207745  3.153058660
90000   2.121871127  3.092181138
91000   2.086835171  3.066565270
92000   2.159209357  3.053180514
93000   2.102343007  3.015012922
94000   2.327552403  3.046817635
95000   2.539471853  3.065490427
96000   2.775159560  3.101197980
97000   2.993591782  3.129404305
98000   3.197315940  3.142712626
99000   3.395103561  3.167212766
100000  3.585126170  3.192140840
101000  3.775516826  3.223550776
102000  3.960971899  3.243427637
103000  3.850161779  3.246650080
104000  3.658259534  3.227089413
105000  3.832572194  3.246460852
106000  4.012894046  3.264102414
107000  4.184908688  3.292537742
108000  3.985925576  3.273082529
109000  3.741841087  3.253684205
110000  3.558660666  3.236522755
111000  3.734718752  3.249767672
112000  3.900612594  3.266374598
113000  4.078795913  3.288672396
114000  4.246523127  3.307109668
115000  4.056968138  3.298258317
116000  3.893538931  3.287261551
117000  3.712716463  3.273278821
118000  3.529107664  3.259393163
119000  3.369426012  3.247699030
120000  3.219415518  3.235357920
121000  3.394637708  3.257086446
122000  3.306508218  3.243780296
123000  3.153313660  3.223312968
124000  2.995478031  3.197001277
125000  2.820886047  3.175622024
126000  2.660300394  3.163568114
127000  2.519795491  3.141529614
128000  2.359334987  3.104486854
129000  2.211708494  3.050836211
130000  2.064019692  3.006996049
131000  2.029901055  2.993539820
132000  2.089393101  2.995262292
133000  1.936978664  2.958472299
134000  1.775598575  2.941821454
135000  1.639161985  2.884954746
136000  1.494151600  2.842874947
137000  1.376535500  2.822829556
138000  1.289558656  2.766294971
139000  1.463126928  2.784850087
140000  1.617715026  2.805676048
141000  1.775386997  2.814686996
142000  1.932246050  2.830649482
143000  2.081984028  2.848501352
144000  2.115784370  2.835366452
145000  1.982068164  2.815575811
146000  1.879607822  2.800533613
147000  1.949452453  2.795845397
148000  2.095267582  2.805462277
149000  2.240152107  2.816823641
150000  2.373964422  2.840828384
151000  2.519574971  2.856980462
152000  2.658924771  2.864488647
153000  2.786595272  2.870181651
154000  2.923060757  2.885059474
155000  3.053364684  2.896954141
156000  3.174953847  2.905968536
157000  3.307904043  2.920134012
158000  3.425733932  2.931705975
159000  3.548722471  2.948273510
160000  3.659744790  2.960936025
161000  3.774501398  2.967750350
162000  3.719108235  2.965249477
163000  3.592869946  2.958037222
164000  3.461799577  2.951509402
165000  3.320816906  2.940127797
166000  3.180992837  2.932050853
167000  3.245102245  2.938313837
168000  3.357005557  2.953892128
169000  3.464077932  2.965204074
170000  3.573007188  2.976498991
171000  3.688650683  2.983653877
172000  3.762027813  2.998132386
173000  3.646571713  2.989246285
174000  3.514077144  2.978629165
175000  3.395252576  2.970694704
176000  3.273500787  2.958486563
177000  3.138866808  2.945718519
178000  3.015205401  2.936769382
179000  2.897327329  2.922141635
180000  2.779853088  2.906540603
181000  2.675733367  2.897376805
182000  2.558765507  2.881532012
183000  2.448134273  2.862955003
184000  2.323425649  2.844619796
185000  2.240507725  2.821833789
186000  2.351752810  2.832389071
187000  2.462375377  2.839317396
188000  2.570692017  2.849234395
189000  2.673787933  2.858977057
190000  2.788015707  2.874010374
191000  2.894749024  2.882858776
192000  2.990187596  2.892356605
193000  3.094373328  2.906106306
194000  3.197642415  2.918371265
195000  3.297651158  2.931986572
196000  3.351937055  2.937739881
197000  3.250204277  2.931212936
198000  3.155074483  2.923464424
199000  3.069767843  2.914150025
200000  2.954081070  2.905903768
201000  2.863206521  2.897870384
202000  2.767656099  2.881983620
203000  2.678817841  2.870636032
204000  2.592780577  2.855884050
205000  2.505629001  2.837740668
206000  2.397262155  2.821221703
207000  2.384709563  2.815101425
208000  2.481948532  2.826085495
209000  2.589123039  2.839624286
210000  2.679746711  2.852456603
211000  2.777524939  2.861195627
212000  2.726611612  2.857384902
213000  2.637514772  2.846501643
214000  2.548358187  2.839405303
215000  2.538309446  2.828422876
216000  2.643648081  2.842209780
217000  2.741475767  2.853276540
218000  2.731974306  2.851810971
219000  2.641750823  2.838109944
220000  2.568113988  2.826982921
221000  2.474850291  2.816344963
222000  2.414501986  2.808828581
223000  2.505039567  2.814687695
224000  2.595798965  2.825499566
225000  2.677691794  2.834291988
226000  2.767131258  2.841956000
227000  2.859220660  2.853909775
228000  2.949818058  2.863810533
229000  3.034740608  2.871840704
230000  3.121742530  2.885319971
231000  3.206737846  2.895519124
232000  3.297373085  2.903345417
233000  3.376231828  2.912845199
234000  3.463233980  2.922764850
235000  3.538075512  2.930693602
236000  3.617861382  2.937598405
237000  3.699211200  2.946102052
238000  3.670187270  2.944416728
239000  3.574768580  2.941341811
240000  3.481166246  2.936602859
241000  3.514755141  2.942882349
242000  3.596939292  2.953536242
243000  3.666665206  2.961917191
244000  3.560482398  2.957118845
245000  3.470833614  2.951474574
246000  3.371349227  2.944281750
247000  3.272197676  2.939867064
248000  3.196544415  2.936309841
249000  3.115328009  2.929263201
250000  3.036995865  2.921844321
251000  2.958959849  2.914651542
252000  2.896172500  2.909248014
253000  2.903636856  2.908003714
254000  2.984767258  2.915737808
255000  3.059723110  2.927088664
256000  3.141055948  2.937747927
257000  3.220439723  2.947326343
258000  3.299230916  2.957946333
259000  3.371917927  2.967413190
260000  3.447172209  2.974137830
261000  3.526509524  2.981447250
262000  3.532743200  2.982913464
263000  3.452147803  2.975596955
264000  3.430829640  2.975698383
265000  3.505367254  2.984430394
266000  3.575320759  2.989521567
267000  3.642826214  2.995577623
268000  3.709619957  3.001606724
269000  3.768928206  3.005592716
270000  3.839687049  3.011960197
271000  3.906843092  3.018276685
272000  3.859685198  3.013795378
273000  3.767068552  3.009445602
274000  3.688626628  3.006552272
275000  3.609885563  3.000360230
276000  3.532675018  2.997018833
277000  3.472843353  2.993084325
278000  3.385644141  2.987986518
279000  3.325077096  2.986013775
280000  3.242578997  2.981705946
281000  3.311664156  2.991447996
282000  3.381666203  3.000202972
283000  3.452779211  3.008360781
284000  3.527953527  3.015465740
285000  3.598083470  3.023496089
286000  3.538720424  3.020185162
287000  3.467259782  3.015886586
288000  3.403893059  3.013612444
289000  3.329052046  3.009703018
290000  3.262127169  3.004022830
291000  3.185523523  2.998525366
292000  3.114000435  2.988657441
293000  3.129801885  2.987054793
294000  3.072532736  2.983252204
295000  3.001346760  2.978184457
296000  2.933806174  2.971487254
297000  2.860414922  2.961585578
298000  2.792001035  2.949734578
299000  2.755461023  2.942544179
300000  2.685291089  2.928209575
301000  2.697024874  2.930114245
302000  2.768128664  2.938761418
303000  2.783628783  2.937059136
304000  2.840326009  2.939816671
305000  2.907305650  2.949785871
306000  2.975273697  2.957499005
307000  3.040063118  2.962471041
308000  3.106111888  2.973182535
309000  3.174246902  2.979802500
310000  3.239323503  2.985559749
311000  3.304115409  2.992166754
312000  3.372640140  2.999586349
313000  3.434915335  3.009538004
314000  3.497302033  3.013375684
315000  3.536170313  3.016807596
316000  3.596459773  3.021398113
317000  3.658364953  3.027854686
318000  3.711081061  3.032541191
319000  3.771405680  3.038338006
320000  3.830232526  3.043649908
321000  3.888342256  3.051454024
322000  3.866273945  3.054744750
323000  3.804359331  3.052449306
324000  3.746987930  3.049116997
325000  3.691199079  3.047534771
326000  3.627503955  3.044194289
327000  3.630935111  3.045521569
328000  3.590262490  3.045135779
329000  3.532595292  3.040046379
330000  3.468268630  3.036576346
331000  3.413471078  3.032501568
332000  3.350515484  3.028218124
333000  3.369311810  3.032141085
334000  3.425263636  3.035480025
335000  3.485566159  3.040318335
336000  3.541009091  3.044340012
337000  3.600698848  3.050731072
338000  3.655394429  3.057878434
339000  3.711018034  3.061785445
340000  3.764079984  3.066150083
341000  3.710182940  3.064093662
342000  3.695104926  3.064460810
343000  3.659481144  3.060803046
344000  3.593471914  3.057814485
345000  3.529741386  3.053921839
346000  3.471707238  3.051301263
347000  3.411783940  3.047006885
348000  3.349589927  3.044121307
349000  3.347220084  3.041851634
350000  3.402323117  3.047325484
351000  3.455877081  3.052013263
352000  3.513261831  3.058513290
353000  3.571236363  3.061958557
354000  3.625340716  3.068168853
355000  3.679878859  3.074279733
356000  3.733294759  3.079179161
357000  3.787321862  3.084045339
358000  3.842236482  3.088550216
359000  3.892781627  3.093396904
360000  3.938178005  3.099352520
361000  3.872049065  3.096555467
362000  3.820237151  3.094932265
363000  3.749190541  3.091816511
364000  3.689032562  3.089143691
365000  3.672786874  3.088870641
366000  3.722681048  3.091872410
367000  3.774003405  3.099538963
368000  3.752496763  3.099261961
369000  3.695278590  3.094236068
370000  3.634644951  3.091455420
371000  3.616490974  3.090572730
372000  3.655549429  3.094301177
373000  3.602098525  3.091118171
374000  3.544026526  3.086065956
375000  3.490860046  3.083260240
376000  3.438662783  3.078848744
377000  3.389822812  3.075774820
378000  3.362992784  3.074754118
379000  3.409472904  3.078367931
380000  3.459782630  3.085968449
381000  3.512358479  3.091371675
382000  3.560226394  3.096426479
383000  3.612014447  3.103155108
384000  3.663118794  3.107747982
385000  3.711418236  3.111599270
386000  3.758732518  3.118210822
387000  3.796991068  3.121771301
388000  3.732600632  3.117638656
389000  3.678570504  3.116174415
390000  3.629485522  3.113448436
391000  3.570973015  3.107742225
392000  3.510138953  3.104071014
393000  3.501807380  3.102685535
394000  3.550135094  3.106202391
395000  3.601106690  3.110277774
396000  3.649190868  3.115094525
397000  3.696323096  3.118837923
398000  3.746048691  3.125314959
399000  3.792283024  3.128693468
400000  3.839982376  3.132774036
401000  3.852789822  3.135714006
402000  3.847798629  3.136402389
403000  3.893627307  3.140706110
404000  3.939342708  3.145362628
405000  3.983314231  3.148952505
406000  4.031138024  3.155189253
407000  4.063475136  3.158237804
408000  4.011524232  3.156979227
409000  4.038634098  3.158796916
410000  4.080821253  3.165259397
411000  4.127583058  3.169077216
412000  4.169343431  3.172857610
413000  4.210153498  3.176925681
414000  4.256602658  3.183178650
415000  4.299332355  3.186298603
416000  4.323838596  3.190655030
417000  4.266328938  3.189337484
418000  4.210091396  3.187443544
419000  4.164665557  3.185098059
420000  4.103237887  3.183577752
421000  4.052649681  3.181183760
422000  3.989596204  3.178665677
423000  3.935684517  3.177340422
424000  3.882717557  3.174567605
425000  3.822446218  3.170650600
426000  3.778398578  3.167859253
427000  3.727913417  3.164407870
428000  3.676365535  3.160249329
429000  3.627180272  3.157087217
430000  3.570109106  3.152547867
431000  3.533719409  3.150669903
432000  3.481662452  3.146100565
433000  3.432688789  3.140690325
434000  3.454432987  3.142865067
435000  3.465284050  3.143733412
436000  3.415767794  3.141683957
437000  3.371607672  3.138144511
438000  3.320928868  3.133321688
439000  3.328958893  3.134779688
440000  3.370733389  3.136332786
441000  3.415237107  3.139480978
442000  3.460225562  3.146352258
443000  3.505925410  3.151647261
444000  3.550535643  3.156934682
445000  3.588075526  3.160588839
446000  3.548118381  3.158178234
447000  3.504329188  3.155045895
448000  3.456202771  3.151473289
449000  3.419357555  3.147771301
450000  3.369071708  3.144640285
451000  3.326742170  3.141003098
452000  3.339936366  3.143370124
453000  3.386083687  3.148528363
454000  3.430716090  3.153093107
455000  3.472105690  3.156436973
456000  3.513197943  3.159739171
457000  3.555301005  3.165125399
458000  3.599466498  3.168735998
459000  3.638754138  3.173466047
460000  3.679668394  3.178236348
461000  3.722550429  3.182648207
462000  3.766138638  3.187037904
463000  3.801075346  3.189959685
464000  3.748615112  3.185798650
465000  3.704183304  3.182257074
466000  3.659167657  3.180409153
467000  3.613761586  3.177675830
468000  3.570754219  3.175688221
469000  3.529944724  3.173031467
470000  3.483768715  3.170885979
471000  3.435488158  3.165173063
472000  3.468004400  3.167446990
473000  3.506382909  3.170069146
474000  3.549975636  3.173803266
475000  3.590780185  3.178116545
476000  3.630924365  3.181519328
477000  3.670120968  3.184349792
478000  3.710329218  3.189521938
479000  3.751450612  3.193226633
480000  3.789818362  3.196857744
481000  3.830400145  3.200201376
482000  3.858270522  3.204943261
483000  3.896665789  3.206909107
484000  3.899908181  3.208435578
485000  3.854545208  3.206707873
486000  3.814175512  3.204914258
487000  3.775006970  3.202587175
488000  3.731053791  3.199204177
489000  3.689884622  3.198457474
490000  3.640809390  3.195864636
491000  3.595880390  3.193959658
492000  3.633504547  3.196998112
493000  3.671899145  3.201193670
494000  3.712136121  3.206632886
495000  3.688778825  3.205181068
496000  3.650039617  3.202597644
497000  3.607809650  3.200726239
498000  3.560912879  3.198768799
499000  3.516364295  3.194723649
500000  3.473011753  3.192052183
501000  3.455194681  3.190083024
502000  3.493057837  3.193691855
503000  3.525031827  3.196471776
504000  3.487501673  3.195007848
505000  3.441270836  3.190118104
506000  3.391285280  3.184716034
507000  3.351913916  3.181761230
508000  3.358192371  3.183659224
509000  3.396367745  3.186939721
510000  3.435836642  3.190752554
511000  3.466976502  3.194550823
512000  3.425663555  3.189978718
513000  3.386839953  3.186505164
514000  3.348447321  3.182264942
515000  3.328817131  3.182753519
516000  3.368448152  3.187613388
517000  3.405570858  3.190026655
518000  3.441109550  3.193006202
519000  3.477405756  3.194878948
520000  3.514309193  3.198651104
521000  3.502658582  3.198004950
522000  3.461553164  3.193611563
523000  3.416900957  3.190293825
524000  3.381009671  3.186216369
525000  3.343589054  3.182668451
526000  3.300302890  3.179338385
527000  3.260831324  3.175903456
528000  3.215822367  3.171958825
529000  3.198663353  3.170235373
530000  3.236480449  3.173442454
531000  3.265756795  3.176590423
532000  3.231449327  3.174933952
533000  3.268164567  3.178632004
534000  3.307446168  3.182619438
535000  3.329814903  3.182916396
536000  3.289504460  3.178961706
537000  3.256734056  3.176248959
538000  3.212829254  3.171375957
539000  3.175395665  3.166677711
540000  3.138193421  3.163315777
541000  3.104052157  3.158710733
542000  3.065696015  3.154750562
543000  3.030786685  3.152317994
544000  2.998409496  3.149374649
545000  2.967983482  3.147672494
546000  2.928630702  3.141504431
547000  2.896818336  3.138338039
548000  2.854390639  3.130919807
549000  2.817875069  3.124206213
550000  2.789227122  3.121272679
551000  2.754598104  3.115763849
552000  2.720642479  3.111633921
553000  2.742612766  3.113190788
554000  2.777979933  3.115011377
555000  2.815052034  3.117884580
556000  2.852783957  3.120734527
557000  2.888123754  3.122558677
558000  2.925257600  3.125627372
559000  2.959405142  3.129738267
560000  2.995757783  3.133590866
561000  3.030912043  3.137185458
562000  3.065728330  3.141241402
563000  3.100914568  3.143016468
564000  3.136305472  3.147593950
565000  3.169710726  3.151104798
566000  3.207307941  3.155335055
567000  3.221819584  3.158032184
568000  3.228245502  3.158514929
569000  3.241044920  3.160432436
570000  3.203139894  3.156101619
571000  3.165010911  3.153362459
572000  3.125120552  3.148769603
573000  3.111389082  3.145671676
574000  3.145368187  3.148897233
575000  3.178884590  3.150634448
576000  3.214821482  3.155099485
577000  3.213842467  3.155916996
578000  3.217868520  3.156214552
579000  3.254070550  3.159685149
580000  3.287588976  3.164334461
581000  3.277744210  3.164024000
582000  3.293309496  3.165931442
583000  3.326907476  3.168366673
584000  3.328097100  3.169655262
585000  3.291537080  3.165749750
586000  3.253553933  3.162963031
587000  3.216742464  3.158817569
588000  3.229679335  3.161237309
589000  3.262673400  3.164616612
590000  3.296317714  3.168236901
591000  3.329868465  3.172608079
592000  3.361939563  3.175475606
593000  3.396965434  3.179507119
594000  3.432361087  3.182812083
595000  3.467087689  3.186138086
596000  3.498659382  3.189901720
597000  3.529476025  3.193675126
598000  3.559228948  3.196423021
599000  3.592128030  3.201083314
600000  3.624292458  3.203855081
601000  3.653560726  3.205675234
602000  3.684547367  3.208435041
603000  3.714551945  3.210736269
604000  3.683401255  3.209081282
605000  3.644404386  3.206930041
606000  3.607656044  3.204035398
607000  3.568309093  3.200599827
608000  3.538931578  3.198947693
609000  3.511172729  3.196532507
610000  3.477365062  3.193797738
611000  3.439464264  3.189453188
612000  3.405384520  3.186041605
613000  3.360287226  3.181165901
614000  3.332766038  3.178372082
615000  3.301476837  3.174648597
616000  3.270138020  3.171411186
617000  3.290136537  3.173432575
618000  3.323571775  3.174819214
619000  3.353983774  3.176897465
620000  3.328098460  3.174917801
621000  3.290011410  3.170916787
622000  3.254513559  3.168272807
623000  3.214254173  3.163428978
624000  3.177460884  3.160324424
625000  3.142964381  3.157747447
626000  3.111024794  3.153787647
627000  3.090470861  3.150745842
628000  3.053649912  3.146620646
629000  3.019853134  3.143081725
630000  2.984063094  3.139089959
631000  2.999624507  3.140611035
632000  3.031246259  3.143101672
633000  3.063163860  3.146724066
634000  3.091797356  3.148543488
635000  3.122875351  3.151936188
636000  3.152343205  3.155340612
637000  3.184603377  3.158059246
638000  3.212365311  3.161631896
639000  3.242061453  3.163454041
640000  3.272499274  3.166131095
641000  3.306657099  3.170369090
642000  3.340017082  3.174810497
643000  3.371862217  3.178578332
644000  3.400937158  3.181656437
645000  3.429666862  3.182954343
646000  3.454744072  3.185550316
647000  3.486988879  3.188837116
648000  3.515974446  3.191227384
649000  3.545248562  3.193613242
650000  3.576187070  3.197280994
651000  3.604382910  3.201562554
652000  3.636386728  3.203687595
653000  3.665673463  3.206441417
654000  3.694892966  3.207919245
655000  3.682475258  3.208219622
656000  3.652231730  3.206445277
657000  3.620016302  3.204612288
658000  3.585082151  3.202525111
659000  3.555034665  3.199961211
660000  3.526798093  3.197752068
661000  3.496259992  3.195948277
662000  3.502754784  3.195885436
663000  3.528397378  3.198860630
664000  3.556868919  3.201210536
665000  3.588840787  3.205412954
666000  3.614304732  3.207943823
667000  3.643768380  3.211717214
668000  3.672919584  3.213809435
669000  3.704507538  3.218589510
670000  3.733163737  3.221709406
671000  3.718173771  3.221747200
672000  3.688708973  3.218914956
673000  3.651177013  3.216782213
674000  3.617992863  3.215178980
675000  3.584968912  3.212289599
676000  3.552165484  3.209969098
677000  3.519514549  3.206924546
678000  3.496278960  3.204251425
679000  3.516493838  3.206138341
680000  3.543321316  3.208414746
681000  3.540055756  3.208348997
682000  3.508497265  3.205947815
683000  3.478172279  3.204143310
684000  3.503226324  3.207640378
685000  3.532546282  3.210497798
686000  3.559665650  3.212913126
687000  3.586817154  3.214342309
688000  3.604292998  3.215167420
689000  3.579895541  3.213327477
690000  3.589188123  3.214507410
691000  3.602197532  3.217342905
692000  3.563410623  3.214457919
693000  3.533850567  3.212127639
694000  3.504043326  3.210384968
695000  3.473439297  3.208151605
696000  3.441874852  3.205860605
697000  3.406222209  3.203282056
698000  3.380754188  3.200882402
699000  3.351720316  3.198429231
700000  3.320252439  3.196162063
701000  3.293736855  3.194353547
702000  3.305016468  3.195779557
703000  3.332298418  3.198239047
704000  3.358684793  3.200663056
705000  3.386919074  3.205065252
706000  3.408401698  3.207642769
707000  3.373091627  3.204076057
708000  3.343823421  3.201128690
709000  3.313778852  3.198368679
710000  3.281069075  3.194511695
711000  3.252635068  3.191874554
712000  3.229077250  3.190795427
713000  3.197417785  3.188037913
714000  3.172344202  3.186628950
715000  3.143199695  3.183747414
716000  3.119456245  3.180213269
717000  3.093967655  3.174496918
718000  3.064815796  3.170196516
719000  3.087033646  3.171629384
720000  3.113272916  3.173240740
721000  3.142187816  3.175237706
722000  3.170358429  3.178447272
723000  3.198704735  3.180453567
724000  3.227409238  3.184605288
725000  3.252848174  3.186778753
726000  3.281451764  3.191278559
727000  3.307552384  3.194437890
728000  3.334924498  3.197012476
729000  3.361780434  3.199741579
730000  3.389286132  3.203030891
731000  3.414795664  3.204779527
732000  3.407549890  3.203834917
733000  3.379357802  3.201774027
734000  3.348160259  3.199668521
735000  3.316584647  3.197010671
736000  3.283838617  3.194019979
737000  3.258913086  3.192246660
738000  3.230229261  3.189129341
739000  3.199211758  3.185403702
740000  3.167221070  3.181315779
741000  3.137325979  3.178257861
742000  3.111299802  3.175692445
743000  3.119994781  3.176389785
744000  3.145530625  3.178323595
745000  3.168165509  3.181205738
746000  3.169324070  3.181831317
747000  3.196286925  3.185312522
748000  3.223207489  3.187828072
749000  3.250856740  3.191097210
750000  3.276736945  3.192797921
751000  3.303051247  3.195269077
752000  3.328047614  3.196985493
753000  3.352047522  3.198509454
754000  3.378809065  3.201504095
755000  3.399893189  3.203573630
756000  3.373210138  3.200643338
757000  3.343989767  3.197904372
758000  3.314740167  3.194148943
759000  3.283718635  3.191505598
760000  3.257954446  3.190025197
761000  3.232412015  3.187261194
762000  3.204338941  3.184175844
763000  3.180819887  3.181555050
764000  3.153341524  3.178624146
765000  3.126387633  3.176431888
766000  3.096815164  3.173918998
767000  3.090122906  3.173248601
768000  3.115959320  3.174576748
769000  3.142385618  3.176295796
770000  3.167326544  3.178356317
771000  3.192744852  3.179673667
772000  3.216529106  3.181732386
773000  3.206513523  3.181972357
774000  3.233352513  3.185518186
775000  3.259551430  3.186628625
776000  3.285146791  3.189602541
777000  3.309357091  3.191264337
778000  3.334249124  3.193126854
779000  3.359863516  3.194976325
780000  3.383688495  3.196444668
781000  3.383620958  3.196462182
782000  3.356128360  3.193821229
783000  3.333551673  3.191346489
784000  3.306674503  3.188834478
785000  3.282104179  3.187425734
786000  3.301466920  3.189631609
787000  3.317030855  3.191061242
788000  3.290267108  3.188752614
789000  3.265820618  3.187339936
790000  3.241926079  3.185163457
791000  3.217441418  3.182207088
792000  3.193603385  3.180206040
793000  3.164732202  3.177648836
794000  3.137835993  3.174237108
795000  3.111285259  3.171825341
796000  3.117833477  3.173017470
797000  3.110294307  3.172849138
798000  3.084578835  3.169315134
799000  3.062911709  3.167921474
800000  3.054103956  3.166104567
801000  3.077160528  3.167754860
802000  3.102828701  3.169973145
803000  3.126092355  3.173253098
804000  3.150174186  3.175436818
805000  3.175313654  3.178298527
806000  3.200353771  3.180648315
807000  3.223921955  3.183000607
808000  3.248458850  3.185863928
809000  3.272664213  3.187648225
810000  3.298554458  3.190304721
811000  3.281699680  3.189351885
812000  3.254361176  3.187024504
813000  3.228598245  3.185355804
814000  3.201250537  3.180762383
815000  3.208348385  3.181288870
816000  3.232577255  3.183060055
817000  3.257756938  3.185190606
818000  3.284115651  3.188402830
819000  3.307754005  3.189823843
820000  3.331113280  3.191941757
821000  3.322028386  3.190764513
822000  3.295019375  3.188325651
823000  3.294884165  3.188249435
824000  3.318519037  3.190001019
825000  3.340577338  3.191593198
826000  3.365112854  3.194569450
827000  3.389341047  3.197527051
828000  3.411714624  3.200476924
829000  3.386923220  3.199046139
830000  3.363044364  3.196553504
831000  3.339953611  3.194660197
832000  3.315033717  3.191217896
833000  3.314175785  3.191834018
834000  3.338394401  3.194942855
835000  3.358006265  3.195975496
836000  3.381880093  3.197544265
837000  3.405363321  3.199285622
838000  3.428331085  3.201539950
839000  3.450242041  3.203601327
840000  3.474077988  3.205828245
841000  3.451195805  3.203930780
842000  3.423195850  3.201220031
843000  3.398774845  3.199247439
844000  3.373699037  3.196411837
845000  3.351212580  3.194555960
846000  3.327595064  3.192445287
847000  3.298416157  3.189855942
848000  3.274843044  3.188535628
849000  3.251178560  3.186970335
850000  3.238834304  3.185437926
851000  3.262385382  3.186977405
852000  3.259026222  3.187392960
853000  3.275665409  3.189350530
854000  3.298110319  3.191047159
855000  3.321460508  3.193275579
856000  3.344064226  3.195659344
857000  3.367933439  3.197371252
858000  3.390126050  3.199581683
859000  3.413235840  3.202133605
860000  3.422634026  3.203590127
861000  3.399116135  3.201635661
862000  3.375385948  3.199844584
863000  3.352361831  3.197421063
864000  3.332162272  3.194941845
865000  3.356040611  3.197132048
866000  3.379044324  3.200468214
867000  3.401744832  3.202619152
868000  3.424857636  3.205123609
869000  3.447594095  3.207454892
870000  3.467151408  3.209781715
871000  3.488064551  3.211585443
872000  3.511754768  3.214885427
873000  3.533744020  3.216538333
874000  3.554485632  3.219675416
875000  3.576840843  3.222300778
876000  3.598065796  3.223600451
877000  3.618068980  3.226520024
878000  3.617695775  3.226848932
879000  3.593365581  3.225237261
880000  3.580581601  3.224418530
881000  3.600773673  3.226694656
882000  3.621939021  3.229759821
883000  3.644168884  3.231862137
884000  3.664690214  3.233623633
885000  3.685027669  3.234920264
886000  3.706990733  3.237003514
887000  3.728867293  3.239900718
888000  3.749169185  3.241319445
889000  3.771768920  3.243881171
890000  3.792397150  3.245137869
891000  3.812245505  3.247027927
892000  3.831897899  3.249711072
893000  3.852617237  3.251918935
894000  3.873742367  3.253641334
895000  3.894199455  3.255508180
896000  3.915217158  3.256916917
897000  3.935827797  3.259413277
898000  3.957925323  3.261430732
899000  3.978228466  3.262971357
900000  3.999519960  3.266205308
901000  4.019334349  3.267764406
902000  4.039355726  3.269773438
903000  4.059694064  3.271927570
904000  4.080304976  3.274690445
905000  4.101347484  3.276059261
906000  4.123201649  3.279131610
907000  4.143051927  3.281876862
908000  4.161994227  3.284300034
909000  4.182701240  3.285966805
910000  4.202190656  3.287486095
911000  4.198133485  3.287946811
912000  4.173360602  3.287003615
913000  4.149444356  3.285658075
914000  4.124867759  3.285067852
915000  4.103452885  3.284567453
916000  4.090894280  3.283642678
917000  4.111050107  3.285442658
918000  4.130699136  3.287678116
919000  4.150130945  3.289327306
920000  4.169360551  3.290977462
921000  4.188936388  3.293946028
922000  4.208506991  3.295420259
923000  4.207984394  3.296667584
924000  4.228487262  3.298580005
925000  4.248793844  3.300055275
926000  4.268072045  3.301681255
927000  4.277253298  3.302008615
928000  4.257374207  3.301745093
929000  4.230733050  3.301123172
930000  4.210699345  3.300392480
931000  4.184092023  3.299558447
932000  4.164136472  3.298702491
933000  4.142943842  3.297548552
934000  4.117489937  3.295881240
935000  4.089649426  3.294270574
936000  4.064210950  3.293236619
937000  4.038189655  3.291758803
938000  4.013997601  3.290573659
939000  3.991729565  3.289368881
940000  3.969088795  3.288474230
941000  3.948044867  3.287443998
942000  3.924191451  3.286743969
943000  3.900383714  3.285909797
944000  3.873030556  3.284691913
945000  3.850132361  3.283573133
946000  3.864859113  3.285542679
947000  3.884148138  3.287183388
948000  3.903301872  3.289403908
949000  3.883704861  3.288704364
950000  3.859341866  3.286984472
951000  3.839266718  3.285355184
952000  3.818738941  3.284085431
953000  3.808497058  3.284222338
954000  3.828381123  3.285108178
955000  3.829397823  3.286364334
956000  3.805950716  3.284692500
957000  3.784159597  3.283112298
958000  3.802827987  3.284592781
959000  3.784271407  3.283443657
960000  3.759791626  3.281709245
961000  3.736720592  3.280485898
962000  3.715971097  3.279928034
963000  3.689223797  3.278794352
964000  3.666316437  3.278078249
965000  3.646947609  3.276164595
966000  3.624442001  3.274213931
967000  3.643903435  3.276849634
968000  3.663559031  3.278319968
969000  3.681967532  3.280795980
970000  3.667705951  3.279364820
971000  3.646145856  3.277897854
972000  3.625310640  3.276104395
973000  3.606086305  3.274284418
974000  3.579503795  3.271186645
975000  3.589661712  3.271764252
976000  3.567084072  3.270050722
977000  3.549236029  3.269068239
978000  3.569645539  3.271716316
979000  3.588806942  3.273767001
980000  3.607306064  3.275836598
981000  3.626281439  3.277730521
982000  3.646259130  3.279476143
983000  3.666020881  3.281496953
984000  3.686367490  3.282949779
985000  3.705496948  3.284545258
986000  3.724337553  3.285845886
987000  3.742566358  3.287720975
988000  3.761415693  3.290014908
989000  3.781394375  3.291299629
990000  3.799596935  3.293166222
991000  3.818212311  3.294715972
992000  3.834855710  3.296569876
993000  3.855258980  3.298561228
994000  3.874761556  3.299971328
995000  3.893627938  3.301244008
996000  3.913615127  3.302498342
997000  3.934421226  3.304891798
998000  3.952761478  3.307011142
999000  3.972209579  3.308670965
1000000 3.989974110  3.309930358
