#time   deltaF       REWdeltaF
0       0            nan
1000    1.272387321  nan
2000    1.810267003  nan
3000    2.218866850  nan
4000    2.559766760  nan
5000    2.856426700  nan
6000    3.122086657  nan
7000    3.364326622  nan
8000    3.588736593  nan
9000    3.798236566  nan
10000   3.994816541  nan
11000   4.180486517  nan
12000   4.342406494  nan
13000   4.457316477  nan
14000   4.535376464  nan
15000   4.584596456  nan
16000   4.610936451  nan
17000   4.619166450  nan
18000   4.612676451  nan
19000   4.602736453  nan
20000   4.602806453  nan
21000   4.598436453  0.000000000
22000   4.584426456  0.000000000
23000   4.562156460  0.000000000
24000   4.532956464  0.000000000
25000   4.498176470  0.000000000
26000   4.458686476  0.000000000
27000   4.422606482  2.622183396
28000   4.395316486  3.110011940
29000   4.375836489  3.458803676
30000   4.363196491  3.643844630
31000   4.356636492  3.895945613
32000   4.355546492  4.048484643
33000   4.359366491  4.233873305
34000   4.367576490  4.352010837
35000   4.379726488  4.453503823
36000   4.395366486  4.539347357
37000   4.413836483  4.534978846
38000   4.429046481  4.446442638
39000   4.439216479  4.302644479
40000   4.447846478  4.351044862
41000   4.459426476  4.406637944
42000   4.473706474  4.465261863
43000   4.490446471  4.544498278
44000   4.509476468  4.606864028
45000   4.530566465  4.667462776
46000   4.553586461  4.706126541
47000   4.578346457  4.769586928
48000   4.604676452  4.837970996
49000   4.631596448  4.776524682
50000   4.654906443  4.665628801
51000   4.674466440  4.599612875
52000   4.690566437  4.532451551
53000   4.703296435  4.465039471
54000   4.712886433  4.407518631
55000   4.719636432  4.353561268
56000   4.723546431  4.311643226
57000   4.726536430  4.361902833
58000   4.731396429  4.388976263
59000   4.738066428  4.439447020
60000   4.746396427  4.464196429
61000   4.756276425  4.485931798
62000   4.767656422  4.514504327
63000   4.780436420  4.559477260
64000   4.794516417  4.602953153
65000   4.807746415  4.569712988
66000   4.818616412  4.511109001
67000   4.827156411  4.448998677
68000   4.833466409  4.384342330
69000   4.837686409  4.327186723
70000   4.839956408  4.270397545
71000   4.841446408  4.309321061
72000   4.844286407  4.343405212
73000   4.848466406  4.378644781
74000   4.852956405  4.380646153
75000   4.858346404  4.407127307
76000   4.863506403  4.374106157
77000   4.866896402  4.358075352
78000   4.868786402  4.344829759
79000   4.869296402  4.311595542
80000   4.868276402  4.286733744
81000   4.865826403  4.248241794
82000   4.862006403  4.215624892
83000   4.856866405  4.172848413
84000   4.850456406  4.137976860
85000   4.842976407  4.134906904
86000   4.836186409  4.167178176
87000   4.830666410  4.201050597
88000   4.826336411  4.231468668
89000   4.823176411  4.258917955
90000   4.821136412  4.289341943
91000   4.818926412  4.269820382
92000   4.815516413  4.235985293
93000   4.810966414  4.221608636
94000   4.805326415  4.177101231
95000   4.798666416  4.145860632
96000   4.791026418  4.120949374
97000   4.782436420  4.094722470
98000   4.772946421  4.070733459
99000   4.762576423  4.045193596
100000  4.751376426  4.027238968
101000  4.739366428  3.991810291
102000  4.726576430  3.965816730
103000  4.713036433  3.948599589
104000  4.698766436  3.938296446
105000  4.683816438  3.917705089
106000  4.668186441  3.885501750
107000  4.651916444  3.855510178
108000  4.635026447  3.830781295
109000  4.617556450  3.820857982
110000  4.599536453  3.786380052
111000  4.580966456  3.768537785
112000  4.561876460  3.753928067
113000  4.542276463  3.724813483
114000  4.522196466  3.699160514
115000  4.501646469  3.675271379
116000  4.480656473  3.640524725
117000  4.459226476  3.624785316
118000  4.437376480  3.599688708
119000  4.415136483  3.587102558
120000  4.392496487  3.566575745
121000  4.369476490  3.546005803
122000  4.346106493  3.528583543
123000  4.322396497  3.514263586
124000  4.298346500  3.488654244
125000  4.273986504  3.466349962
126000  4.249316507  3.439234375
127000  4.224356511  3.424753113
128000  4.199116514  3.410197368
129000  4.173606518  3.385885810
130000  4.147826521  3.371205449
131000  4.121786525  3.340329198
132000  4.095506528  3.319128323
133000  4.068986532  3.285058084
134000  4.042246535  3.265608746
135000  4.015826539  3.280566505
136000  3.990456542  3.302236805
137000  3.966116545  3.325378976
138000  3.942686548  3.321777576
139000  3.919236551  3.300789471
140000  3.895536554  3.288500492
141000  3.871616557  3.267406722
142000  3.847476560  3.244438162
143000  3.823126563  3.226886645
144000  3.799026566  3.250485330
145000  3.775646569  3.244012302
146000  3.752146572  3.216856234
147000  3.728456575  3.202294729
148000  3.704556578  3.184586615
149000  3.681126581  3.204802443
150000  3.658586584  3.230351475
151000  3.636736587  3.232071947
152000  3.614826589  3.224060868
153000  3.593546592  3.248129009
154000  3.573106595  3.264550206
155000  3.553496597  3.279039642
156000  3.534676600  3.298505308
157000  3.516626602  3.320932477
158000  3.499266604  3.316122975
159000  3.481846606  3.280583415
160000  3.464186609  3.247861544
161000  3.446336611  3.238199951
162000  3.428996613  3.256711362
163000  3.412386616  3.282976042
164000  3.396476618  3.311986850
165000  3.381256620  3.329105804
166000  3.366716622  3.346097511
167000  3.352826624  3.365679998
168000  3.339586625  3.374665406
169000  3.326986627  3.395061039
170000  3.314996629  3.423739588
171000  3.303606630  3.434962531
172000  3.292636632  3.421019388
173000  3.281776633  3.441818840
174000  3.271486635  3.452414859
175000  3.261756636  3.472027155
176000  3.252586637  3.487396261
177000  3.243956639  3.500315088
178000  3.235856640  3.514324941
179000  3.228266641  3.524426155
180000  3.221196642  3.536846951
181000  3.214606643  3.547898282
182000  3.208516644  3.564835799
183000  3.202906645  3.581423808
184000  3.197766645  3.598974613
185000  3.193096646  3.611639896
186000  3.188866647  3.618369137
187000  3.185076647  3.633115501
188000  3.181726648  3.644257359
189000  3.178796648  3.659473104
190000  3.176286648  3.672276505
191000  3.174186649  3.684024327
192000  3.172476649  3.697680491
193000  3.171166649  3.705834485
194000  3.170246649  3.713859526
195000  3.169696649  3.730252341
196000  3.169526649  3.742279995
197000  3.169706649  3.753322181
198000  3.170246649  3.761321008
199000  3.171146649  3.770210449
200000  3.172386649  3.783725926
201000  3.173956649  3.796288143
202000  3.175866649  3.804680267
203000  3.178096648  3.813092706
204000  3.180636648  3.824340289
205000  3.183476647  3.834165808
206000  3.186636647  3.842241593
207000  3.189976646  3.821219531
208000  3.193006646  3.796964279
209000  3.195706646  3.754997848
210000  3.198066645  3.730217729
211000  3.200106645  3.701881677
212000  3.201826645  3.682680894
213000  3.203226645  3.668008507
214000  3.204456644  3.667178868
215000  3.205936644  3.680409583
216000  3.207716644  3.694391807
217000  3.209786644  3.702418851
218000  3.212146643  3.709475940
219000  3.214786643  3.722381687
220000  3.217696642  3.730879803
221000  3.220886642  3.736820136
222000  3.224346641  3.745808986
223000  3.228066641  3.758926402
224000  3.232046640  3.766170312
225000  3.236276640  3.774937766
226000  3.240626639  3.761974562
227000  3.244666639  3.742588736
228000  3.248406638  3.714310415
229000  3.251946638  3.715188544
230000  3.255616637  3.702940899
231000  3.259046637  3.674584314
232000  3.262186636  3.655545824
233000  3.265026636  3.637024234
234000  3.267576635  3.615449584
235000  3.269846635  3.604113308
236000  3.271976635  3.608704295
237000  3.274356634  3.621836898
238000  3.276976634  3.627287444
239000  3.279846634  3.636596872
240000  3.282956633  3.648668763
241000  3.286296633  3.656790876
242000  3.289876632  3.666488032
243000  3.293676632  3.673896931
244000  3.297696631  3.684003368
245000  3.301946631  3.692778731
246000  3.306406630  3.703481436
247000  3.311086629  3.716140742
248000  3.315856629  3.701497861
249000  3.320436628  3.694588806
250000  3.324846627  3.688641753
251000  3.328986627  3.671124041
252000  3.332916626  3.661648133
253000  3.336996626  3.669911274
254000  3.341296625  3.676752870
255000  3.345796624  3.684927243
256000  3.350496624  3.693043596
257000  3.355386623  3.703068517
258000  3.360476623  3.708391426
259000  3.365766622  3.712885345
260000  3.371236621  3.718818429
261000  3.376886620  3.725422657
262000  3.382726620  3.733124809
263000  3.388686619  3.725581557
264000  3.394466618  3.715659409
265000  3.400286617  3.725155929
266000  3.406286616  3.732765706
267000  3.412446616  3.738394462
268000  3.418786615  3.747204030
269000  3.425296614  3.754671224
270000  3.431966613  3.763901814
271000  3.438796612  3.771716333
272000  3.445606611  3.754976872
273000  3.452136610  3.739157807
274000  3.458406609  3.718963675
275000  3.464416609  3.703848220
276000  3.470166608  3.690141383
277000  3.475666607  3.678952927
278000  3.480916607  3.660281631
279000  3.485926606  3.648480123
280000  3.490686605  3.635824901
281000  3.495206605  3.624355949
282000  3.499496604  3.615144650
283000  3.503546604  3.603023330
284000  3.507366603  3.594035913
285000  3.510966603  3.582205298
286000  3.514336602  3.572541226
287000  3.517476602  3.554388345
288000  3.520406601  3.545950292
289000  3.523116601  3.535432882
290000  3.525816601  3.546354761
291000  3.528646600  3.543232047
292000  3.531296600  3.532364962
293000  3.533736600  3.522539393
294000  3.535966599  3.512014281
295000  3.538026599  3.509703378
296000  3.540176599  3.513898199
297000  3.542506599  3.521631344
298000  3.545006598  3.529238494
299000  3.547676598  3.533292454
300000  3.550506598  3.541932865
301000  3.553506597  3.545379148
302000  3.556436597  3.533429518
303000  3.559166596  3.523357705
304000  3.561786596  3.524142771
305000  3.564526596  3.527992625
306000  3.567176595  3.518153873
307000  3.569616595  3.506826639
308000  3.571866595  3.503621211
309000  3.573916595  3.490130337
310000  3.575776594  3.479961520
311000  3.577446594  3.473768051
312000  3.578986594  3.482507699
313000  3.580666594  3.490280745
314000  3.582506593  3.498174830
315000  3.584466593  3.497393302
316000  3.586356593  3.500510233
317000  3.588366593  3.504343222
318000  3.590536592  3.509252427
319000  3.592856592  3.515792261
320000  3.595326592  3.519552871
321000  3.597896591  3.517978766
322000  3.600316591  3.507525469
323000  3.602546591  3.497947988
324000  3.604606591  3.487754494
325000  3.606486590  3.477700604
326000  3.608236590  3.477984726
327000  3.610096590  3.483850617
328000  3.612116590  3.488588015
329000  3.614276589  3.493911990
330000  3.616586589  3.497610635
331000  3.619036589  3.503862682
332000  3.621626588  3.508442097
333000  3.624366588  3.517201364
334000  3.627246588  3.521219837
335000  3.630196587  3.518185649
336000  3.632986587  3.508533002
337000  3.635596587  3.499690337
338000  3.638046586  3.495383464
339000  3.640566586  3.498435707
340000  3.643216586  3.502073729
341000  3.646016585  3.509123102
342000  3.648936585  3.513718325
343000  3.651996585  3.519142595
344000  3.655176584  3.525242290
345000  3.658286584  3.516108982
346000  3.661216583  3.507674744
347000  3.663986583  3.499334797
348000  3.666586583  3.489216843
349000  3.669156582  3.493566948
350000  3.671846582  3.504421293
351000  3.674566582  3.505988959
352000  3.677326581  3.505075142
353000  3.679966581  3.499534210
354000  3.682436581  3.494642133
355000  3.684746581  3.485518041
356000  3.686896580  3.478309330
357000  3.688886580  3.469980618
358000  3.690716580  3.462919344
359000  3.692396580  3.456487555
360000  3.693916579  3.448384050
361000  3.695296579  3.439789730
362000  3.696526579  3.432952367
363000  3.697596579  3.428424486
364000  3.698526579  3.422820748
365000  3.699306579  3.414464240
366000  3.699936579  3.408953641
367000  3.700436579  3.400183218
368000  3.700786579  3.390938054
369000  3.701026578  3.388596997
370000  3.701316578  3.387248725
371000  3.701506578  3.376074091
372000  3.701566578  3.370786823
373000  3.701486578  3.362895985
374000  3.701376578  3.367270820
375000  3.701406578  3.371064117
376000  3.701556578  3.377704738
377000  3.701826578  3.376072444
378000  3.702016578  3.368820602
379000  3.702066578  3.359538164
380000  3.701986578  3.352887589
381000  3.701796578  3.349224973
382000  3.701666578  3.349516724
383000  3.701456578  3.345998906
384000  3.701126578  3.338479600
385000  3.700656579  3.330993559
386000  3.700126579  3.330428738
387000  3.699706579  3.339296367
388000  3.699416579  3.347240020
389000  3.699256579  3.352712943
390000  3.699226579  3.358705846
391000  3.699316579  3.361343930
392000  3.699376579  3.355935411
393000  3.699316579  3.350537990
394000  3.699126579  3.343218552
395000  3.698816579  3.339332760
396000  3.698386579  3.330650246
397000  3.697836579  3.326326940
398000  3.697156579  3.318226032
399000  3.696446579  3.321808135
400000  3.695866579  3.327121577
401000  3.695316579  3.321881589
402000  3.694656579  3.314852647
403000  3.693906579  3.313800900
404000  3.693226579  3.318717838
405000  3.692676580  3.320914490
406000  3.692196580  3.319864458
407000  3.691616580  3.312439237
408000  3.690926580  3.308283919
409000  3.690116580  3.304125077
410000  3.689196580  3.297682352
411000  3.688156580  3.294941883
412000  3.687016580  3.291741830
413000  3.685766580  3.286723499
414000  3.684416581  3.278545982
415000  3.682946581  3.272247089
416000  3.681366581  3.266405340
417000  3.679686581  3.261922397
418000  3.677896581  3.255685556
419000  3.676006582  3.251691757
420000  3.674026582  3.245959421
421000  3.671946582  3.242868104
422000  3.669756582  3.234539171
423000  3.667476583  3.228418905
424000  3.665166583  3.232913688
425000  3.662976583  3.236853314
426000  3.660906584  3.239445721
427000  3.658956584  3.245577220
428000  3.657016584  3.240318495
429000  3.654966584  3.233332988
430000  3.652816585  3.226811332
431000  3.650576585  3.221630289
432000  3.648236585  3.216448860
433000  3.645796585  3.213866059
434000  3.643266586  3.206977791
435000  3.640656586  3.204428532
436000  3.638126586  3.209670965
437000  3.635706587  3.214930882
438000  3.633416587  3.216679131
439000  3.631246587  3.219822801
440000  3.629186588  3.224788926
441000  3.627246588  3.229918762
442000  3.625426588  3.237198198
443000  3.623716588  3.242255657
444000  3.622116588  3.250271450
445000  3.620636589  3.254440397
446000  3.619256589  3.258589149
447000  3.617996589  3.265587873
448000  3.616846589  3.268932335
449000  3.615796589  3.274665099
450000  3.614856589  3.278290584
451000  3.613986589  3.278136075
452000  3.613026590  3.274631552
453000  3.611966590  3.267672519
454000  3.610816590  3.260746850
455000  3.609566590  3.256027741
456000  3.608226590  3.250888793
457000  3.606786590  3.246624959
458000  3.605266591  3.240221657
459000  3.603646591  3.233439398
460000  3.601936591  3.230053398
461000  3.600136591  3.223313433
462000  3.598246591  3.219553110
463000  3.596266592  3.211203907
464000  3.594206592  3.205383842
465000  3.592046592  3.200411595
466000  3.589816593  3.196287155
467000  3.587486593  3.191746965
468000  3.585166593  3.195334007
469000  3.582946593  3.199339405
470000  3.580836594  3.203382013
471000  3.578836594  3.211017866
472000  3.576886594  3.209291590
473000  3.574856594  3.203924980
474000  3.572746595  3.198984698
475000  3.570636595  3.202175263
476000  3.568626595  3.208875984
477000  3.566736595  3.212393413
478000  3.564936596  3.217854774
479000  3.563246596  3.223301662
480000  3.561656596  3.226779968
481000  3.560176596  3.231877757
482000  3.558786596  3.236070749
483000  3.557496597  3.240260003
484000  3.556256597  3.239659052
485000  3.555066597  3.244609285
486000  3.553966597  3.247508592
487000  3.552826597  3.240039036
488000  3.551606597  3.237553678
489000  3.550376598  3.240574171
490000  3.549246598  3.245875703
491000  3.548216598  3.247766749
492000  3.547276598  3.251983798
493000  3.546436598  3.256659623
494000  3.545676598  3.259649119
495000  3.544906598  3.256754374
496000  3.544056598  3.250954293
497000  3.543116598  3.247254065
498000  3.542096599  3.242342938
499000  3.540996599  3.238252587
500000  3.539816599  3.236934979
501000  3.538646599  3.233503354
502000  3.537396599  3.229445130
503000  3.536066599  3.223382929
504000  3.534696600  3.225421596
505000  3.533306600  3.222984515
506000  3.531846600  3.217775322
507000  3.530306600  3.210613196
508000  3.528686600  3.207381422
509000  3.527106601  3.212461312
510000  3.525616601  3.216073605
511000  3.524226601  3.221105176
512000  3.522916601  3.221816040
513000  3.521706601  3.225796156
514000  3.520576601  3.230141415
515000  3.519496602  3.229861832
516000  3.518366602  3.226259845
517000  3.517156602  3.221896413
518000  3.515876602  3.219112243
519000  3.514586602  3.223048844
520000  3.513376602  3.227237932
521000  3.512256602  3.230922918
522000  3.511226603  3.237575748
523000  3.510286603  3.243458153
524000  3.509436603  3.247114459
525000  3.508666603  3.251858061
526000  3.507986603  3.255486986
527000  3.507386603  3.258742805
528000  3.506876603  3.262333567
529000  3.506446603  3.269132736
530000  3.506106603  3.276254102
531000  3.505836603  3.280139101
532000  3.505656603  3.283312436
533000  3.505556603  3.288226534
534000  3.505546603  3.292061306
535000  3.505606603  3.294494683
536000  3.505746603  3.298300305
537000  3.505966603  3.304176677
538000  3.506256603  3.306923797
539000  3.506636603  3.309668081
540000  3.507086603  3.312064205
541000  3.507606603  3.314802043
542000  3.508206603  3.318531119
543000  3.508886603  3.322601012
544000  3.509636603  3.328340811
545000  3.510456603  3.332708072
546000  3.511356603  3.338050290
547000  3.512326602  3.343697418
548000  3.513366602  3.347005107
549000  3.514486602  3.352614300
550000  3.515676602  3.356873827
551000  3.516926602  3.359815026
552000  3.518256602  3.363729938
553000  3.519656602  3.365033333
554000  3.521066601  3.361028461
555000  3.522396601  3.356726520
556000  3.523646601  3.351284133
557000  3.524826601  3.348568850
558000  3.525996601  3.350781013
559000  3.527176601  3.347706589
560000  3.528266600  3.341595193
561000  3.529296600  3.338923325
562000  3.530236600  3.334384026
563000  3.531186600  3.337169151
564000  3.532126600  3.334156851
565000  3.532976600  3.330035635
566000  3.533766600  3.328343209
567000  3.534566600  3.327333548
568000  3.535296599  3.322886949
569000  3.535956599  3.320245106
570000  3.536636599  3.322798880
571000  3.537386599  3.326311677
572000  3.538186599  3.325743954
573000  3.538926599  3.322091867
574000  3.539626599  3.324279653
575000  3.540376599  3.326183784
576000  3.541206599  3.331883071
577000  3.542096599  3.335347381
578000  3.543056598  3.338799435
579000  3.544086598  3.343794748
580000  3.545186598  3.349386456
581000  3.546276598  3.347208696
582000  3.547296598  3.344687229
583000  3.548246598  3.340716832
584000  3.549146598  3.344388574
585000  3.550096598  3.347465492
586000  3.551116597  3.351457605
587000  3.552176597  3.351303869
588000  3.553186597  3.347742880
589000  3.554116597  3.342073318
590000  3.554966597  3.338539344
591000  3.555756597  3.335032065
592000  3.556476597  3.329113413
593000  3.557136597  3.328480380
594000  3.557786597  3.322976955
595000  3.558366597  3.318499350
596000  3.558876596  3.314388391
597000  3.559316596  3.310320378
598000  3.559736596  3.311676105
599000  3.560206596  3.316241150
600000  3.560746596  3.320174927
601000  3.561356596  3.324398729
602000  3.562026596  3.327097344
603000  3.562756596  3.330695205
604000  3.563556596  3.335172622
605000  3.564416596  3.338740801
606000  3.565336596  3.341698094
607000  3.566316596  3.344646607
608000  3.567356595  3.348462439
609000  3.568466595  3.352270481
610000  3.569636595  3.354902050
611000  3.570856595  3.357227144
612000  3.572076595  3.353868156
613000  3.573236595  3.353990892
614000  3.574366594  3.350346092
615000  3.575446594  3.351722402
616000  3.576566594  3.355198096
617000  3.577746594  3.358940006
618000  3.578976594  3.361241840
619000  3.580276594  3.362389745
620000  3.581636594  3.364264040
621000  3.582976593  3.359005086
622000  3.584246593  3.357377585
623000  3.585486593  3.359287281
624000  3.586786593  3.363543211
625000  3.588126593  3.363854015
626000  3.589426593  3.360613373
627000  3.590656592  3.356432403
628000  3.591836592  3.354725305
629000  3.593036592  3.357551552
630000  3.594296592  3.360089648
631000  3.595616592  3.361214560
632000  3.596996592  3.363168364
633000  3.598376591  3.358410441
634000  3.599696591  3.357526380
635000  3.601056591  3.361444509
636000  3.602476591  3.364785526
637000  3.603956591  3.369219507
638000  3.605476591  3.372254053
639000  3.607066590  3.375294203
640000  3.608696590  3.377215572
641000  3.610366590  3.375820125
642000  3.611956590  3.369629911
643000  3.613496590  3.367164034
644000  3.614966589  3.363176797
645000  3.616366589  3.361645967
646000  3.617706589  3.358609904
647000  3.618986589  3.355580671
648000  3.620196589  3.352260687
649000  3.621346589  3.348049593
650000  3.622476588  3.351605431
651000  3.623666588  3.354601411
652000  3.624916588  3.357854178
653000  3.626216588  3.360294835
654000  3.627566588  3.364900247
655000  3.628976588  3.366787111
656000  3.630436587  3.369732721
657000  3.631936587  3.372931844
658000  3.633496587  3.375599856
659000  3.635116587  3.379061545
660000  3.636776587  3.382495528
661000  3.638486586  3.385139463
662000  3.640246586  3.386661721
663000  3.642026586  3.387387282
664000  3.643846586  3.391065300
665000  3.645716585  3.394734668
666000  3.647626585  3.397084679
667000  3.649596585  3.400211147
668000  3.651616585  3.402803160
669000  3.653646584  3.402340794
670000  3.655626584  3.398294294
671000  3.657536584  3.394259492
672000  3.659376584  3.389399179
673000  3.661166583  3.387124416
674000  3.662896583  3.383440607
675000  3.664576583  3.385179618
676000  3.666246583  3.381519353
677000  3.667846583  3.377052038
678000  3.669396582  3.372618039
679000  3.670906582  3.373083979
680000  3.672396582  3.368676800
681000  3.673826582  3.365115613
682000  3.675196582  3.362926292
683000  3.676506582  3.356958823
684000  3.677756581  3.354001131
685000  3.678966581  3.354707493
686000  3.680196581  3.356508391
687000  3.681486581  3.359587330
688000  3.682786581  3.358171245
689000  3.684036581  3.356523530
690000  3.685306580  3.360325645
691000  3.686596580  3.358155178
692000  3.687896580  3.361458179
693000  3.689256580  3.363736915
694000  3.690656580  3.365508030
695000  3.692076580  3.363374848
696000  3.693536579  3.366638623
697000  3.695036579  3.368395253
698000  3.696596579  3.370897882
699000  3.698186579  3.374138972
700000  3.699836579  3.376880541
701000  3.701526578  3.378371337
702000  3.703266578  3.380114066
703000  3.705046578  3.384075027
704000  3.706876578  3.387030775
705000  3.708746578  3.390225541
706000  3.710656577  3.392680470
707000  3.712626577  3.396829732
708000  3.714626577  3.399017991
709000  3.716676577  3.400714043
710000  3.718766576  3.402653430
711000  3.720896576  3.405794647
712000  3.723076576  3.407728773
713000  3.725306575  3.411092731
714000  3.727566575  3.413492015
715000  3.729876575  3.416120246
716000  3.732206575  3.417030528
717000  3.734506574  3.413264400
718000  3.736766574  3.413677244
719000  3.739056574  3.417000921
720000  3.741396573  3.419840439
721000  3.743766573  3.422912280
722000  3.746166573  3.422578260
723000  3.748516573  3.420597619
724000  3.750796572  3.418135028
725000  3.753066572  3.420475535
726000  3.755376572  3.422585172
727000  3.757726571  3.423929882
728000  3.760036571  3.420282517
729000  3.762286571  3.416900527
730000  3.764476571  3.414496007
731000  3.766616570  3.412814172
732000  3.768696570  3.408767878
733000  3.770716570  3.405212024
734000  3.772676570  3.401437202
735000  3.774616569  3.403308284
736000  3.776586569  3.406793264
737000  3.778596569  3.410499388
738000  3.780646569  3.413956061
739000  3.782746568  3.417183742
740000  3.784876568  3.419025547
741000  3.787056568  3.420857009
742000  3.789266567  3.420848135
743000  3.791446567  3.417390343
744000  3.793576567  3.414174730
745000  3.795646567  3.411665574
746000  3.797746566  3.413722695
747000  3.799876566  3.415093627
748000  3.802056566  3.417585933
749000  3.804266566  3.420984506
750000  3.806516565  3.423470666
751000  3.808796565  3.422804441
752000  3.811026565  3.420792493
753000  3.813206564  3.418555824
754000  3.815326564  3.415453215
755000  3.817386564  3.413249442
756000  3.819406564  3.409501090
757000  3.821356563  3.406656220
758000  3.823316563  3.408230138
759000  3.825306563  3.409806414
760000  3.827346563  3.412282145
761000  3.829416562  3.416087929
762000  3.831526562  3.418981389
763000  3.833676562  3.421427948
764000  3.835856562  3.424318834
765000  3.838086561  3.426756205
766000  3.840346561  3.428306592
767000  3.842646561  3.431839411
768000  3.844926560  3.429916034
769000  3.847146560  3.426942301
770000  3.849316560  3.423556466
771000  3.851426560  3.420820877
772000  3.853496559  3.417681397
773000  3.855506559  3.415388986
774000  3.857456559  3.412273509
775000  3.859356559  3.409594549
776000  3.861206558  3.407125670
777000  3.863006558  3.404252348
778000  3.864756558  3.401406874
779000  3.866446558  3.398963141
780000  3.868096558  3.395532986
781000  3.869686557  3.392911647
782000  3.871236557  3.389704934
783000  3.872746557  3.390906156
784000  3.874286557  3.391211964
785000  3.875786557  3.389224469
786000  3.877246556  3.385267625
787000  3.878646556  3.382715169
788000  3.879996556  3.379972197
789000  3.881296556  3.377037845
790000  3.882556556  3.374517084
791000  3.883766556  3.371421674
792000  3.884926555  3.368912055
793000  3.886076555  3.371524351
794000  3.887266555  3.374576336
795000  3.888496555  3.377837650
796000  3.889726555  3.376308064
797000  3.890906555  3.374394019
798000  3.892036555  3.372105838
799000  3.893126554  3.370780469
800000  3.894156554  3.367561909
801000  3.895146554  3.365869516
802000  3.896096554  3.363604744
803000  3.896996554  3.361908832
804000  3.897846554  3.360596115
805000  3.898656554  3.357415277
806000  3.899416554  3.354815293
807000  3.900126553  3.352959686
808000  3.900796553  3.349451544
809000  3.901416553  3.347054290
810000  3.901996553  3.344296874
811000  3.902526553  3.341370729
812000  3.903016553  3.338813459
813000  3.903466553  3.336812181
814000  3.903866553  3.333905737
815000  3.904216553  3.331915358
816000  3.904526553  3.329759501
817000  3.904796553  3.328146408
818000  3.905016553  3.324734110
819000  3.905196553  3.323298201
820000  3.905336553  3.319905067
821000  3.905426553  3.318300822
822000  3.905476553  3.316160941
823000  3.905486553  3.313857933
824000  3.905446553  3.311380619
825000  3.905376553  3.308730860
826000  3.905256553  3.305387599
827000  3.905096553  3.302400580
828000  3.904896553  3.299250161
829000  3.904646553  3.297555045
830000  3.904406553  3.301457831
831000  3.904206553  3.302838917
832000  3.903996553  3.301269239
833000  3.903746553  3.298660953
834000  3.903476553  3.299337791
835000  3.903226553  3.302552738
836000  3.903016553  3.300897535
837000  3.902766553  3.299335983
838000  3.902476553  3.296915820
839000  3.902146553  3.294666397
840000  3.901776553  3.292765857
841000  3.901366553  3.290013611
842000  3.900916553  3.288470721
843000  3.900426553  3.286580455
844000  3.899896554  3.284486308
845000  3.899386554  3.287061531
846000  3.898916554  3.288988844
847000  3.898476554  3.292398396
848000  3.898086554  3.294521999
849000  3.897736554  3.296645740
850000  3.897406554  3.299392340
851000  3.897056554  3.296827279
852000  3.896656554  3.295289303
853000  3.896226554  3.292044726
854000  3.895756554  3.291019535
855000  3.895266554  3.291929132
856000  3.894806554  3.293821454
857000  3.894366554  3.294072613
858000  3.893906554  3.293553509
859000  3.893456554  3.294814565
860000  3.893046554  3.296909673
861000  3.892666554  3.298019222
862000  3.892276554  3.296150040
863000  3.891836555  3.293611570
864000  3.891356555  3.292763972
865000  3.890846555  3.289388366
866000  3.890296555  3.287696715
867000  3.889716555  3.287357215
868000  3.889156555  3.289433170
869000  3.888646555  3.290888387
870000  3.888136555  3.290047192
871000  3.887596555  3.287181207
872000  3.887016555  3.285668864
873000  3.886396555  3.281970767
874000  3.885736555  3.280461986
875000  3.885046555  3.278615603
876000  3.884316555  3.275781949
877000  3.883556556  3.273947411
878000  3.882746556  3.271113862
879000  3.881916556  3.268954552
880000  3.881036556  3.267130822
881000  3.880126556  3.266514604
882000  3.879236556  3.270042959
883000  3.878376556  3.272322535
884000  3.877556556  3.274798459
885000  3.876776556  3.276863510
886000  3.876026557  3.277923415
887000  3.875246557  3.276272139
888000  3.874426557  3.274118390
889000  3.873596557  3.276215367
890000  3.872806557  3.278063539
891000  3.872056557  3.281131528
892000  3.871336557  3.283375748
893000  3.870656557  3.285411832
894000  3.870016557  3.288251827
895000  3.869416557  3.289870782
896000  3.868856557  3.292288299
897000  3.868326557  3.293396259
898000  3.867786558  3.291890668
899000  3.867206558  3.289062647
900000  3.866596558  3.286246371
901000  3.865946558  3.284752999
902000  3.865266558  3.282768115
903000  3.864546558  3.281550407
904000  3.863846558  3.283362137
905000  3.863186558  3.286172628
906000  3.862556558  3.288970182
907000  3.861966558  3.290767863
908000  3.861416558  3.290932095
909000  3.860846558  3.288779765
910000  3.860246559  3.286466137
911000  3.859606559  3.284320361
912000  3.858926559  3.283166379
913000  3.858226559  3.281849951
914000  3.857486559  3.278728061
915000  3.856706559  3.276919545
916000  3.855896559  3.275119099
917000  3.855056559  3.272332137
918000  3.854196559  3.273193629
919000  3.853366559  3.274587004
920000  3.852576559  3.276372609
921000  3.851806560  3.275222233
922000  3.851006560  3.271620027
923000  3.850176560  3.269662978
924000  3.849306560  3.267208310
925000  3.848406560  3.264602328
926000  3.847476560  3.261682361
927000  3.846506560  3.259092108
928000  3.845526560  3.261078951
929000  3.844576560  3.262464073
930000  3.843666561  3.263845961
931000  3.842786561  3.266211950
932000  3.841946561  3.265434551
933000  3.841076561  3.264458011
934000  3.840196561  3.265847208
935000  3.839356561  3.267422924
936000  3.838546561  3.270358622
937000  3.837776561  3.273094531
938000  3.837036561  3.275618999
939000  3.836336562  3.277372648
940000  3.835676562  3.280282197
941000  3.835046562  3.280858242
942000  3.834446562  3.283178700
943000  3.833886562  3.286843140
944000  3.833366562  3.289156944
945000  3.832876562  3.290889833
946000  3.832416562  3.289496560
947000  3.831916562  3.288190260
948000  3.831436562  3.288958045
949000  3.830996562  3.290357960
950000  3.830546562  3.288404427
951000  3.830056562  3.285473266
952000  3.829536562  3.282394103
953000  3.829006562  3.283216097
954000  3.828516563  3.284742219
955000  3.828066563  3.287210566
956000  3.827646563  3.288922434
957000  3.827256563  3.291957665
958000  3.826906563  3.294036581
959000  3.826586563  3.296496850
960000  3.826296563  3.298005447
961000  3.826046563  3.299130829
962000  3.825826563  3.301575507
963000  3.825636563  3.303266886
964000  3.825476563  3.305255318
965000  3.825326563  3.307498691
966000  3.825216563  3.310098685
967000  3.825126563  3.312698146
968000  3.825076563  3.314735777
969000  3.825066563  3.317139240
970000  3.825076563  3.319714609
971000  3.825116563  3.320999763
972000  3.825196563  3.322465114
973000  3.825306563  3.324298743
974000  3.825446563  3.327036671
975000  3.825616563  3.329219584
976000  3.825816563  3.331768190
977000  3.826046563  3.333400849
978000  3.826306563  3.336125301
979000  3.826576563  3.334200645
980000  3.826806563  3.331773778
981000  3.827006563  3.329190440
982000  3.827176563  3.325653383
983000  3.827316563  3.323889731
984000  3.827416563  3.321963038
985000  3.827486563  3.319568603
986000  3.827516563  3.316381093
987000  3.827526563  3.315269165
988000  3.827496563  3.313045863
989000  3.827446563  3.314584503
990000  3.827436563  3.317114224
991000  3.827446563  3.320348697
992000  3.827486563  3.322144809
993000  3.827566563  3.323215834
994000  3.827636563  3.322108784
995000  3.827686563  3.320209371
996000  3.827696563  3.318005229
997000  3.827676563  3.315644406
998000  3.827626563  3.313137429
999000  3.827546563  3.312195103
1000000 3.827426563  3.310469361
