#time   deltaF   REWdeltaF
0       0        nan
500     61.1592  nan
1000    85.8411  nan
1500    64.6784  nan
2000    58.0799  nan
2500    54.6657  nan
3000    64.2122  nan
3500    74.9691  nan
4000    59.9928  nan
4500    47.8058  nan
5000    41.5433  nan
5500    41.9678  nan
6000    47.0813  nan
6500    52.9389  nan
7000    58.747   nan
7500    63.2724  nan
8000    64.4954  nan
8500    63.033   nan
9000    63.0368  nan
9500    64.4288  nan
10000   62.6465  nan
10500   61.1951  nan
11000   60.8541  nan
11500   58.9622  nan
12000   58.4196  nan
12500   57.444   nan
13000   60.2165  nan
13500   62.5422  nan
14000   65.306   nan
14500   67.7213  nan
15000   70.1211  nan
15500   72.3161  nan
16000   74.3842  nan
16500   76.6775  nan
17000   78.5971  nan
17500   79.3532  nan
18000   77.823   nan
18500   75.8377  nan
19000   74.3992  nan
19500   73.0758  nan
20000   72.1462  nan
20500   70.8284  nan
21000   69.5006  nan
21500   68.6113  nan
22000   67.8548  nan
22500   67.1014  nan
23000   64.7631  nan
23500   61.8691  nan
24000   59.0859  nan
24500   58.0091  nan
25000   56.426   nan
25500   54.3855  nan
26000   53.1973  nan
26500   52.242   nan
27000   50.6847  nan
27500   48.8622  nan
28000   47.2676  nan
28500   46.8631  nan
29000   46.3021  nan
29500   46.2099  nan
30000   46.2851  nan
30500   46.2106  nan
31000   46.2123  nan
31500   46.2235  nan
32000   45.994   nan
32500   46.6165  nan
33000   46.5543  nan
33500   46.7228  nan
34000   46.7952  nan
34500   46.6644  nan
35000   46.6884  nan
35500   47.2451  nan
36000   47.4968  nan
36500   47.3865  nan
37000   47.2879  nan
37500   47.5815  nan
38000   48.5631  nan
38500   49.5564  nan
39000   50.5149  nan
39500   51.4962  nan
40000   52.4514  0  nan
40500   53.3913  0  nan
41000   54.3543  0  nan
41500   55.2119  0  nan
42000   56.1042  0  nan
42500   56.9533  0  nan
43000   57.7456  0  nan
43500   58.5192  0  nan
44000   59.3489  0  nan
44500   60.1606  0  nan
45000   60.948   0  nan
45500   61.7243  0  nan
46000   62.5046  0  nan
46500   63.2817  0  nan
47000   64.0602  0  nan
47500   64.8347  0  nan
48000   65.5622  0  nan
48500   66.3418  0  nan
49000   67.024   0  nan
49500   66.9104  76.3392
50000   66.3753  73.7644
50500   65.9803  72.2596
51000   65.6183  71.0253
51500   65.2553  70.3309
52000   64.9512  69.4594
52500   65.0231  69.2813
53000   64.5756  68.5639
53500   64.2327  68.0383
54000   63.988   67.6376
54500   63.6577  67.2947
55000   63.323   66.8467
55500   63.0181  66.5721
56000   62.8757  66.2619
56500   63.3554  66.3058
57000   63.4022  66.1527
57500   63.2455  66.0107
58000   62.9325  65.762
58500   62.6924  65.5346
59000   62.5355  65.4005
59500   62.6302  65.2623
60000   63.2272  65.3456
60500   63.8136  65.4226
61000   64.3344  65.4771
61500   64.9162  65.5516
62000   65.5179  65.6461
62500   66.1121  65.7054
63000   66.6447  65.7742
63500   67.1772  65.8361
64000   67.7201  65.9044
64500   68.3312  65.9797
65000   68.9098  66.0471
65500   69.3938  66.1012
66000   69.9032  66.1644
66500   70.2994  66.2154
67000   69.9519  66.2278
67500   69.5895  66.24
68000   69.0305  66.245
68500   67.8407  66.1875
69000   66.3463  66.0898
69500   64.6372  65.8372
70000   63.1642  65.5519
70500   61.4441  65.0283
71000   59.9509  64.3454
71500   58.5451  63.4797
72000   57.0981  62.4997
72500   56.059   61.5263
73000   55.384   60.8792
73500   54.695   60.2536
74000   54.0426  59.6807
74500   53.8801  59.3765
75000   53.6349  58.9823
75500   53.8583  58.9212
76000   54.3406  58.9734
76500   54.796   59.0182
77000   55.2546  59.0677
77500   55.7916  59.1224
78000   56.2379  59.1631
78500   56.7205  59.2159
79000   57.1624  59.2623
79500   57.6413  59.315
80000   58.0899  59.3612
80500   58.53    59.4058
81000   58.7995  59.4318
81500   59.2041  59.4657
82000   59.6545  59.5092
82500   60.1016  59.552
83000   60.5348  59.5864
83500   60.9551  59.6276
84000   61.3907  59.6707
84500   61.8606  59.7197
85000   62.2712  59.7589
85500   62.697   59.7942
86000   63.1413  59.8376
86500   63.5347  59.8787
87000   63.9136  59.9098
87500   64.2868  59.9439
88000   64.6785  59.9768
88500   65.0898  60.0155
89000   65.4595  60.0425
89500   65.8502  60.0738
90000   66.2196  60.1058
90500   66.588   60.1409
91000   66.989   60.1718
91500   67.322   60.1957
92000   67.7112  60.227
92500   68.1084  60.2616
93000   68.4996  60.2914
93500   68.895   60.3191
94000   69.2434  60.3458
94500   69.5846  60.3737
95000   69.9652  60.4075
95500   70.3119  60.4333
96000   70.1396  60.45
96500   69.3505  60.4592
97000   68.476   60.4737
97500   67.7027  60.482
98000   66.9762  60.4857
98500   66.2164  60.49
99000   65.5492  60.488
99500   64.861   60.4878
100000  64.1724  60.4826
100500  62.9319  60.4527
101000  62.1786  60.4286
101500  61.4727  60.3941
102000  60.8268  60.3529
102500  60.3258  60.3205
103000  60.2598  60.3117
103500  60.2219  60.3051
104000  60.0322  60.2864
104500  59.9215  60.2756
105000  59.7884  60.2648
105500  59.7124  60.2517
106000  59.5294  60.2254
106500  59.4047  60.2018
107000  59.309   60.182
107500  59.6441  60.209
108000  59.8579  60.2233
108500  59.6465  60.1989
109000  59.6786  60.1986
109500  60.0195  60.227
110000  60.3652  60.2563
110500  60.7045  60.2828
111000  61.0555  60.3107
111500  61.3707  60.3344
112000  61.6495  60.3528
112500  61.9499  60.3777
113000  62.2867  60.4073
113500  62.6024  60.4327
114000  62.7213  60.4469
114500  62.6421  60.4539
115000  62.5665  60.4618
115500  62.4464  60.4654
116000  62.3319  60.468
116500  62.2106  60.4739
117000  62.051   60.4764
117500  62.1759  60.4913
118000  62.4662  60.5111
118500  62.7432  60.5305
119000  63.0034  60.5493
119500  63.2778  60.5693
120000  63.5666  60.5914
120500  63.8887  60.6142
121000  64.1819  60.6379
121500  64.4692  60.6558
122000  64.7557  60.6782
122500  65.0581  60.7037
123000  65.0839  60.715
123500  64.9286  60.7229
124000  64.7794  60.73
124500  64.6044  60.7381
125000  64.0599  60.7327
125500  63.4743  60.7245
126000  62.9779  60.7202
126500  62.6374  60.7137
127000  62.1252  60.698
127500  61.7825  60.6791
128000  61.6733  60.6814
128500  61.5715  60.6773
129000  61.4703  60.671
129500  61.3247  60.6633
130000  61.2652  60.6682
130500  61.1977  60.6709
131000  61.113   60.6677
131500  60.9714  60.6545
132000  60.909   60.6499
132500  60.7709  60.6438
133000  60.7094  60.6425
133500  60.607   60.6361
134000  60.5557  60.6347
134500  60.4477  60.6205
135000  60.2596  60.6093
135500  60.3788  60.6176
136000  60.3414  60.6177
136500  60.2864  60.6158
137000  60.0597  60.591
137500  59.6671  60.5594
138000  59.2957  60.5145
138500  58.9916  60.4783
139000  58.9182  60.4654
139500  58.7466  60.434
140000  58.6208  60.3936
140500  58.5533  60.3755
141000  58.4556  60.3514
141500  58.3937  60.3313
142000  58.2626  60.3021
142500  58.1798  60.2769
143000  58.1442  60.2612
143500  58.0618  60.2362
144000  58.0144  60.2121
144500  57.9267  60.1792
145000  57.8922  60.1557
145500  57.8178  60.1266
146000  57.79    60.1053
146500  57.7315  60.0863
147000  57.6748  60.0461
147500  57.6021  60.0027
148000  57.5231  59.9778
148500  57.4697  59.9349
149000  57.6068  59.9379
149500  57.8228  59.9508
150000  58.0763  59.9679
150500  58.2953  59.9814
151000  58.5347  59.9963
151500  58.7893  60.0131
152000  59.0164  60.0276
152500  59.2742  60.0453
153000  59.5106  60.0634
153500  59.7378  60.0794
154000  59.9761  60.0941
154500  60.2066  60.1108
155000  60.4317  60.1259
155500  60.6653  60.1407
156000  60.8878  60.1555
156500  61.1156  60.1712
157000  61.3603  60.1882
157500  61.599   60.2059
158000  61.8238  60.2187
158500  62.0418  60.2332
159000  62.2504  60.2472
159500  62.1859  60.2516
160000  62.1083  60.256
160500  62.0402  60.2594
161000  61.8778  60.2581
161500  61.8115  60.2616
162000  62.0037  60.2757
162500  62.2249  60.2924
163000  62.475   60.3086
163500  62.6823  60.3218
164000  62.9046  60.3353
164500  63.133   60.3474
165000  63.3224  60.3604
165500  63.5381  60.3742
166000  63.7527  60.3887
166500  63.7909  60.3966
167000  63.7597  60.4027
167500  63.6577  60.4084
168000  63.746   60.4175
168500  63.957   60.4297
169000  63.9488  60.4367
169500  63.8438  60.4433
170000  63.7104  60.4453
170500  63.6298  60.4476
171000  63.4593  60.4512
171500  63.0948  60.4439
172000  62.7269  60.4359
172500  62.2905  60.4251
173000  61.9376  60.4198
173500  61.5911  60.4104
174000  61.1914  60.3939
174500  60.8622  60.3731
175000  60.5305  60.3537
175500  60.4775  60.3495
176000  60.4162  60.3456
176500  60.3412  60.3428
177000  60.3312  60.3427
177500  60.2408  60.3333
178000  60.2039  60.3301
178500  60.1289  60.321
179000  60.0221  60.3131
179500  59.6684  60.2825
180000  59.3061  60.2481
180500  59.0109  60.2238
181000  58.6833  60.1798
181500  58.383   60.1532
182000  58.1039  60.1107
182500  58.0534  60.0918
183000  58       60.0748
183500  57.9329  60.0544
184000  57.8867  60.0399
184500  57.7971  60.0175
185000  57.7229  60.0025
185500  57.6963  59.9911
186000  57.6547  59.9746
186500  57.6113  59.9623
187000  57.5528  59.9475
187500  57.4711  59.9246
188000  57.4111  59.9024
188500  57.3493  59.8799
189000  57.2687  59.8472
189500  57.1704  59.8181
190000  57.1375  59.8013
190500  57.0964  59.7829
191000  57.0465  59.756
191500  57.0636  59.7433
192000  57.1639  59.743
192500  57.1216  59.728
193000  57.041   59.7144
193500  57.0494  59.7044
194000  57.233   59.7161
194500  57.4031  59.7254
195000  57.5986  59.7401
195500  57.7877  59.7515
196000  57.9802  59.7663
196500  58.1516  59.7775
197000  58.3408  59.7876
197500  58.5223  59.7983
198000  58.6971  59.8095
198500  58.8917  59.8226
199000  59.0803  59.8342
199500  59.263   59.8452
200000  59.4432  59.857
